sporuls;seuilHR;seuilTmoy
15105.1;88.1613;17.9847
10029.4;89.5403;17.7048
10115.2;89.6024;17.9303
10142.1;90.0571;18.0025
10107.2;93.2391;17.9088
10065.9;90.9387;17.7997
15138.6;88.6931;18.0457
15121.6;88.466;18.0147
10033.5;90.2249;17.7154
10053.9;91.0155;17.7684
15077.7;88.4474;17.9355
-719689;89.1206;17.815
10240.3;90.3992;18.2738
10139.4;90.1701;17.9952
10206.9;90.5701;18.1801
10226.1;89.6668;18.2335
10194.3;90.2824;18.145
10089;89.7222;17.8608
10160.1;90.1496;18.0513
10239.2;89.9611;18.2705
15128.9;89.1297;18.028
15050.8;89.3638;17.8874
10095.4;91.1077;17.8775
15214.5;89.1626;18.1858
10028.7;90.7982;17.703
-706927;90.5203;17.9084
15112.4;88.7554;17.998
15177;88.9922;18.1161
10165.2;90.6558;18.0652
15189.1;89.3698;18.1386
10125.1;90.2444;17.9567
10242.4;89.3761;18.2796
10228;91.7194;18.2389
10188.3;91.6528;18.1286
10178.4;90.1225;18.1014
10110.6;89.5051;17.9179
10167.5;89.6208;18.0715
10172.8;89.994;18.086
10151.5;89.8848;18.0281
15143.7;88.8625;18.0549
10204.1;89.7155;18.1722
10050.9;90.1394;17.7606
10188.2;89.7881;18.1283
10183;89.9545;18.1139
10131.7;89.773;17.9746
15161.2;89.3544;18.0871
10165;90.4295;18.0647
15039;87.9884;17.8664
10137.1;89.5224;17.9891
10142.2;90.0362;18.0028
10000.9;89.5424;17.6321
10039.5;91.6255;17.7308
10186;91.6162;18.1222
10053;90.679;17.7661
15269.9;89.3411;18.2901
15023;88.8555;17.8381
15042.1;89.0462;17.8719
10243.6;91.8415;18.2828
10178.4;90.6055;18.1015
14962.5;89.3361;17.7317
10098.1;90.4486;17.8848
15189.2;88.3529;18.1386
10118;90.9126;17.9378
10115.6;90.9183;17.9315
15272.1;89.1233;18.2942
15258.2;88.6634;18.2678
10098.4;90.005;17.8857
15154;88.3778;18.0737
15206.3;88.2458;18.1704
10184.7;89.9785;18.1187
10034.9;91.3998;17.7189
15151.4;89.3546;18.0691
15188.1;88.8665;18.1367
15016.6;88.4902;17.8266
10190.1;89.7761;18.1336
10031.5;91.0237;17.7102
10014;90.1804;17.6654
10080.7;91.0735;17.8386
10094.2;89.7564;17.8745
10096.2;89.8836;17.8798
15070.1;88.4231;17.9218
10087.6;90.7377;17.8568
10140.9;89.5348;17.9992
10191;90.1434;18.136
10183;89.4668;18.1141
10113.4;90.1631;17.9256
10094;91.7716;17.8738
10004.8;89.4149;17.642
9995.58;91.2841;17.6187
15098.1;89.0065;17.9721
10292.1;90.4405;18.4159
10134.1;91.6022;17.9808
10170.4;89.7264;18.0795
10131;90.5108;17.9727
14830.1;89.1525;17.5077
10242.5;90.2466;18.2799
10078.1;89.7475;17.832
10098.5;90.8402;17.8858
10077.5;90.1572;17.8303
10171.3;89.9145;18.082
