sporuls;seuilHR;seuilTmoy
4.87088e+06;88.1613;17.9847
4.72622e+06;89.5403;17.7048
4.84334e+06;89.6024;17.9303
4.88246e+06;90.0571;18.0025
2.51792e+06;93.2391;17.9088
2.69957e+06;90.9387;17.7997
4.90135e+06;88.6931;18.0457
4.88593e+06;88.466;18.0147
2.67416e+06;90.2249;17.7154
2.69019e+06;91.0155;17.7684
4.846e+06;88.4474;17.9355
4.04938e+06;89.1206;17.815
2.83445e+06;90.3992;18.2738
2.75689e+06;90.1701;17.9952
2.80896e+06;90.5701;18.1801
4.99304e+06;89.6668;18.2335
2.79919e+06;90.2824;18.145
4.80774e+06;89.7222;17.8608
2.77289e+06;90.1496;18.0513
5.01059e+06;89.9611;18.2705
4.89253e+06;89.1297;18.028
4.82143e+06;89.3638;17.8874
2.72266e+06;91.1077;17.8775
4.97007e+06;89.1626;18.1858
2.67042e+06;90.7982;17.703
2.0147e+06;90.5203;17.9084
4.87752e+06;88.7554;17.998
4.93608e+06;88.9922;18.1161
2.77683e+06;90.6558;18.0652
4.94703e+06;89.3698;18.1386
2.7458e+06;90.2444;17.9567
5.01489e+06;89.3761;18.2796
2.769e+06;91.7194;18.2389
2.73915e+06;91.6528;18.1286
2.78701e+06;90.1225;18.1014
4.83703e+06;89.5051;17.9179
4.91413e+06;89.6208;18.0715
4.92131e+06;89.994;18.086
4.89258e+06;89.8848;18.0281
4.90593e+06;88.8625;18.0549
4.96353e+06;89.7155;18.1722
2.68784e+06;90.1394;17.7606
4.94206e+06;89.7881;18.1283
4.93501e+06;89.9545;18.1139
4.86579e+06;89.773;17.9746
4.92182e+06;89.3544;18.0871
2.77669e+06;90.4295;18.0647
4.81065e+06;87.9884;17.8664
4.87307e+06;89.5224;17.9891
4.88262e+06;90.0362;18.0028
4.68753e+06;89.5424;17.6321
2.62559e+06;91.6255;17.7308
2.73742e+06;91.6162;18.1222
2.6895e+06;90.679;17.7661
5.01982e+06;89.3411;18.2901
4.79603e+06;88.8555;17.8381
4.81346e+06;89.0462;17.8719
2.77558e+06;91.8415;18.2828
2.78704e+06;90.6055;18.1015
4.74046e+06;89.3361;17.7317
2.7248e+06;90.4486;17.8848
4.94706e+06;88.3529;18.1386
2.74029e+06;90.9126;17.9378
2.73846e+06;90.9183;17.9315
5.02175e+06;89.1233;18.2942
5.0093e+06;88.6634;18.2678
4.82348e+06;90.005;17.8857
4.91524e+06;88.3778;18.0737
4.96267e+06;88.2458;18.1704
4.93736e+06;89.9785;18.1187
2.62205e+06;91.3998;17.7189
4.91295e+06;89.3546;18.0691
4.94612e+06;88.8665;18.1367
4.7901e+06;88.4902;17.8266
4.94463e+06;89.7761;18.1336
2.6726e+06;91.0237;17.7102
2.65893e+06;90.1804;17.6654
2.71116e+06;91.0735;17.8386
4.8148e+06;89.7564;17.8745
4.81752e+06;89.8836;17.8798
4.83901e+06;88.4231;17.9218
2.71656e+06;90.7377;17.8568
4.87813e+06;89.5348;17.9992
2.79668e+06;90.1434;18.136
4.9351e+06;89.4668;18.1141
2.73674e+06;90.1631;17.9256
2.66751e+06;91.7716;17.8738
4.69281e+06;89.4149;17.642
2.59196e+06;91.2841;17.6187
4.86452e+06;89.0065;17.9721
2.87227e+06;90.4405;18.4159
2.6981e+06;91.6022;17.9808
4.91807e+06;89.7264;18.0795
2.75041e+06;90.5108;17.9727
4.62005e+06;89.1525;17.5077
2.83609e+06;90.2466;18.2799
4.79286e+06;89.7475;17.832
2.72511e+06;90.8402;17.8858
2.7087e+06;90.1572;17.8303
4.91934e+06;89.9145;18.082
