sporuls;seuilHR;seuilTmoy
189434;88.1613;17.9847
173249;89.5403;17.7048
186323;89.6024;17.9303
190445;90.0571;18.0025
175994;93.2391;17.9088
169997;90.9387;17.7997
192896;88.6931;18.0457
191141;88.466;18.0147
173871;90.2249;17.7154
168267;91.0155;17.7684
186622;88.4474;17.9355
179679;89.1206;17.815
205647;90.3992;18.2738
190031;90.1701;17.9952
190600;90.5701;18.1801
203421;89.6668;18.2335
198489;90.2824;18.145
182325;89.7222;17.8608
193215;90.1496;18.0513
205469;89.9611;18.2705
191892;89.1297;18.028
183859;89.3638;17.8874
174279;91.1077;17.8775
200766;89.1626;18.1858
164632;90.7982;17.703
175970;90.5203;17.9084
190187;88.7554;17.998
196867;88.9922;18.1161
184468;90.6558;18.0652
198126;89.3698;18.1386
187837;90.2444;17.9567
205971;89.3761;18.2796
193712;91.7194;18.2389
187860;91.6528;18.1286
196040;90.1225;18.1014
185612;89.5051;17.9179
194354;89.6208;18.0715
195175;89.994;18.086
191898;89.8848;18.0281
193418;88.8625;18.0549
200009;89.7155;18.1722
176515;90.1394;17.7606
197554;89.7881;18.1283
196744;89.9545;18.1139
188857;89.773;17.9746
195233;89.3544;18.0871
193973;90.4295;18.0647
182651;87.9884;17.8664
189682;89.5224;17.9891
190463;90.0362;18.0028
168976;89.5424;17.6321
166177;91.6255;17.7308
187522;91.6162;18.1222
168140;90.679;17.7661
206548;89.3411;18.2901
181015;88.8555;17.8381
182965;89.0462;17.8719
196022;91.8415;18.2828
186412;90.6055;18.1015
174827;89.3361;17.7317
183710;90.4486;17.8848
198129;88.3529;18.1386
177571;90.9126;17.9378
177229;90.9183;17.9315
206774;89.1233;18.2942
205318;88.6634;18.2678
183760;90.005;17.8857
194481;88.3778;18.0737
199910;88.2458;18.1704
197014;89.9785;18.1187
165515;91.3998;17.7189
194219;89.3546;18.0691
198021;88.8665;18.1367
180352;88.4902;17.8266
197850;89.7761;18.1336
165032;91.0237;17.7102
170936;90.1804;17.6654
172144;91.0735;17.8386
183116;89.7564;17.8745
183420;89.8836;17.8798
185835;88.4231;17.9218
173146;90.7377;17.8568
190256;89.5348;17.9992
197984;90.1434;18.136
196754;89.4668;18.1141
186052;90.1631;17.9256
174077;91.7716;17.8738
169558;89.4149;17.642
159908;91.2841;17.6187
188713;89.0065;17.9721
213761;90.4405;18.4159
179913;91.6022;17.9808
194804;89.7264;18.0795
179471;90.5108;17.9727
161556;89.1525;17.5077
205983;90.2466;18.2799
180660;89.7475;17.832
174735;90.8402;17.8858
180565;90.1572;17.8303
194949;89.9145;18.082
