sporuls;seuilHR;seuilTmoy
3.05941e+06;88.1613;17.9847
3.02064e+06;89.5403;17.7048
3.05207e+06;89.6024;17.9303
3.06179e+06;90.0571;18.0025
3.04915e+06;93.2391;17.9088
3.0341e+06;90.9387;17.7997
3.06754e+06;88.6931;18.0457
3.06342e+06;88.466;18.0147
3.02217e+06;90.2249;17.7154
3.02971e+06;91.0155;17.7684
3.05277e+06;88.4474;17.9355
3.03623e+06;89.1206;17.815
3.09712e+06;90.3992;18.2738
3.06081e+06;90.1701;17.9952
3.08514e+06;90.5701;18.1801
3.092e+06;89.6668;18.2335
3.0806e+06;90.2824;18.145
3.04256e+06;89.7222;17.8608
3.0683e+06;90.1496;18.0513
3.09672e+06;89.9611;18.2705
3.06519e+06;89.1297;18.028
3.04622e+06;89.3638;17.8874
3.04486e+06;91.1077;17.8775
3.08587e+06;89.1626;18.1858
3.0204e+06;90.7982;17.703
3.04909e+06;90.5203;17.9084
3.06118e+06;88.7554;17.998
3.07683e+06;88.9922;18.1161
3.07014e+06;90.6558;18.0652
3.07975e+06;89.3698;18.1386
3.05564e+06;90.2444;17.9567
3.09787e+06;89.3761;18.2796
3.09269e+06;91.7194;18.2389
3.07845e+06;91.6528;18.1286
3.0749e+06;90.1225;18.1014
3.05038e+06;89.5051;17.9179
3.07097e+06;89.6208;18.0715
3.07288e+06;89.994;18.086
3.0652e+06;89.8848;18.0281
3.06878e+06;88.8625;18.0549
3.08412e+06;89.7155;18.1722
3.02861e+06;90.1394;17.7606
3.07842e+06;89.7881;18.1283
3.07654e+06;89.9545;18.1139
3.05805e+06;89.773;17.9746
3.07302e+06;89.3544;18.0871
3.07007e+06;90.4295;18.0647
3.04334e+06;87.9884;17.8664
3.05999e+06;89.5224;17.9891
3.06183e+06;90.0362;18.0028
3.0101e+06;89.5424;17.6321
3.02437e+06;91.6255;17.7308
3.07763e+06;91.6162;18.1222
3.02939e+06;90.679;17.7661
3.09919e+06;89.3411;18.2901
3.03943e+06;88.8555;17.8381
3.04409e+06;89.0462;17.8719
3.09827e+06;91.8415;18.2828
3.07491e+06;90.6055;18.1015
3.0245e+06;89.3361;17.7317
3.04586e+06;90.4486;17.8848
3.07976e+06;88.3529;18.1386
3.05308e+06;90.9126;17.9378
3.05223e+06;90.9183;17.9315
3.09971e+06;89.1233;18.2942
3.09637e+06;88.6634;18.2678
3.04598e+06;90.005;17.8857
3.07126e+06;88.3778;18.0737
3.08389e+06;88.2458;18.1704
3.07717e+06;89.9785;18.1187
3.02267e+06;91.3998;17.7189
3.07065e+06;89.3546;18.0691
3.07951e+06;88.8665;18.1367
3.03785e+06;88.4902;17.8266
3.07911e+06;89.7761;18.1336
3.02143e+06;91.0237;17.7102
3.01495e+06;90.1804;17.6654
3.0395e+06;91.0735;17.8386
3.04445e+06;89.7564;17.8745
3.04517e+06;89.8836;17.8798
3.05091e+06;88.4231;17.9218
3.04202e+06;90.7377;17.8568
3.06134e+06;89.5348;17.9992
3.07942e+06;90.1434;18.136
3.07656e+06;89.4668;18.1141
3.05143e+06;90.1631;17.9256
3.04436e+06;91.7716;17.8738
3.01154e+06;89.4149;17.642
3.00813e+06;91.2841;17.6187
3.05771e+06;89.0065;17.9721
3.12475e+06;90.4405;18.4159
3.05889e+06;91.6022;17.9808
3.07202e+06;89.7264;18.0795
3.05779e+06;90.5108;17.9727
2.99157e+06;89.1525;17.5077
3.09789e+06;90.2466;18.2799
3.03858e+06;89.7475;17.832
3.04601e+06;90.8402;17.8858
3.03835e+06;90.1572;17.8303
3.07236e+06;89.9145;18.082
