sporuls;seuilHR;seuilTmoy
4.15098e+06;88.1613;17.9847
4.11394e+06;89.5403;17.7048
4.1441e+06;89.6024;17.9303
4.15319e+06;90.0571;18.0025
2.40723e+06;93.2391;17.9088
2.62291e+06;90.9387;17.7997
4.1585e+06;88.6931;18.0457
4.15471e+06;88.466;18.0147
2.61506e+06;90.2249;17.7154
2.62002e+06;91.0155;17.7684
4.14477e+06;88.4474;17.9355
4.12899e+06;89.1206;17.815
2.6627e+06;90.3992;18.2738
2.64022e+06;90.1701;17.9952
2.65545e+06;90.5701;18.1801
4.18075e+06;89.6668;18.2335
2.65257e+06;90.2824;18.145
4.13506e+06;89.7222;17.8608
2.64493e+06;90.1496;18.0513
4.18482e+06;89.9611;18.2705
4.15633e+06;89.1297;18.028
4.13855e+06;89.3638;17.8874
2.62996e+06;91.1077;17.8775
4.17524e+06;89.1626;18.1858
2.61389e+06;90.7982;17.703
2.6327e+06;90.5203;17.9084
4.15263e+06;88.7554;17.998
4.16696e+06;88.9922;18.1161
2.64608e+06;90.6558;18.0652
4.1696e+06;89.3698;18.1386
2.63693e+06;90.2444;17.9567
4.18581e+06;89.3761;18.2796
2.62082e+06;91.7194;18.2389
2.61211e+06;91.6528;18.1286
2.64905e+06;90.1225;18.1014
4.1425e+06;89.5051;17.9179
4.16163e+06;89.6208;18.0715
4.16337e+06;89.994;18.086
4.15634e+06;89.8848;18.0281
4.15962e+06;88.8625;18.0549
4.17369e+06;89.7155;18.1722
2.6193e+06;90.1394;17.7606
4.1684e+06;89.7881;18.1283
4.1667e+06;89.9545;18.1139
4.14972e+06;89.773;17.9746
4.1635e+06;89.3544;18.0871
2.64604e+06;90.4295;18.0647
4.1358e+06;87.9884;17.8664
4.15153e+06;89.5224;17.9891
4.15323e+06;90.0362;18.0028
4.10374e+06;89.5424;17.6321
2.57779e+06;91.6255;17.7308
2.61161e+06;91.6162;18.1222
2.61981e+06;90.679;17.7661
4.18695e+06;89.3411;18.2901
4.13206e+06;88.8555;17.8381
4.13652e+06;89.0462;17.8719
2.62058e+06;91.8415;18.2828
2.64905e+06;90.6055;18.1015
4.11766e+06;89.3361;17.7317
2.63061e+06;90.4486;17.8848
4.1696e+06;88.3529;18.1386
2.63528e+06;90.9126;17.9378
2.63473e+06;90.9183;17.9315
4.18739e+06;89.1233;18.2942
4.18452e+06;88.6634;18.2678
4.13832e+06;90.005;17.8857
4.1619e+06;88.3778;18.0737
4.17348e+06;88.2458;18.1704
4.16727e+06;89.9785;18.1187
2.57668e+06;91.3998;17.7189
4.16134e+06;89.3546;18.0691
4.16938e+06;88.8665;18.1367
4.13054e+06;88.4902;17.8266
4.16902e+06;89.7761;18.1336
2.61457e+06;91.0237;17.7102
2.6103e+06;90.1804;17.6654
2.62646e+06;91.0735;17.8386
4.13686e+06;89.7564;17.8745
4.13755e+06;89.8836;17.8798
4.143e+06;88.4231;17.9218
2.62811e+06;90.7377;17.8568
4.15278e+06;89.5348;17.9992
2.65185e+06;90.1434;18.136
4.16672e+06;89.4668;18.1141
2.63421e+06;90.1631;17.9256
2.59075e+06;91.7716;17.8738
4.10514e+06;89.4149;17.642
2.56721e+06;91.2841;17.6187
4.1494e+06;89.0065;17.9721
2.67338e+06;90.4405;18.4159
2.60001e+06;91.6022;17.9808
4.16259e+06;89.7264;18.0795
2.6383e+06;90.5108;17.9727
4.08575e+06;89.1525;17.5077
2.66315e+06;90.2466;18.2799
4.13125e+06;89.7475;17.832
2.6307e+06;90.8402;17.8858
2.62571e+06;90.1572;17.8303
4.16289e+06;89.9145;18.082
