sporuls;seuilHR;seuilTmoy
848238;88.1613;17.9847
807251;89.5403;17.7048
840415;89.6024;17.9303
850856;90.0571;18.0025
836749;93.2391;17.9088
820762;90.9387;17.7997
857002;88.6931;18.0457
852561;88.466;18.0147
808830;90.2249;17.7154
816153;91.0155;17.7684
841112;88.4474;17.9355
823502;89.1206;17.815
889277;90.3992;18.2738
849808;90.1701;17.9952
875490;90.5701;18.1801
883655;89.6668;18.2335
871196;90.2824;18.145
830281;89.7222;17.8608
857863;90.1496;18.0513
888828;89.9611;18.2705
854462;89.1297;18.028
834106;89.3638;17.8874
832159;91.1077;17.8775
876903;89.1626;18.1858
806441;90.7982;17.703
836638;90.5203;17.9084
850144;88.7554;17.998
867046;88.9922;18.1161
859220;90.6558;18.0652
870230;89.3698;18.1386
844252;90.2444;17.9567
890095;89.3761;18.2796
883757;91.7194;18.2389
868237;91.6528;18.1286
865004;90.1225;18.1014
838614;89.5051;17.9179
860743;89.6208;18.0715
862818;89.994;18.086
854531;89.8848;18.0281
858322;88.8625;18.0549
875036;89.7155;18.1722
815542;90.1394;17.7606
868832;89.7881;18.1283
866786;89.9545;18.1139
846834;89.773;17.9746
862913;89.3544;18.0871
859779;90.4295;18.0647
831041;87.9884;17.8664
848924;89.5224;17.9891
850901;90.0362;18.0028
796394;89.5424;17.6321
810587;91.6255;17.7308
867341;91.6162;18.1222
815789;90.679;17.7661
891513;89.3411;18.2901
826890;88.8555;17.8381
831838;89.0462;17.8719
889878;91.8415;18.2828
864379;90.6055;18.1015
811183;89.3361;17.7317
833793;90.4486;17.8848
870237;88.3529;18.1386
840916;90.9126;17.9378
840006;90.9183;17.9315
892084;89.1233;18.2942
888405;88.6634;18.2678
833919;90.005;17.8857
861011;88.3778;18.0737
874740;88.2458;18.1704
867468;89.9785;18.1187
808823;91.3998;17.7189
860349;89.3546;18.0691
869964;88.8665;18.1367
825209;88.4902;17.8266
869581;89.7761;18.1336
807534;91.0237;17.7102
801374;90.1804;17.6654
826475;91.0735;17.8386
832286;89.7564;17.8745
833059;89.8836;17.8798
839116;88.4231;17.9218
829120;90.7377;17.8568
850377;89.5348;17.9992
869919;90.1434;18.136
866811;89.4668;18.1141
839730;90.1631;17.9256
831622;91.7716;17.8738
797871;89.4149;17.642
793868;91.2841;17.6187
846410;89.0065;17.9721
909778;90.4405;18.4159
847141;91.6022;17.9808
861881;89.7264;18.0795
845948;90.5108;17.9727
777435;89.1525;17.5077
890125;90.2466;18.2799
826059;89.7475;17.832
833373;90.8402;17.8858
825818;90.1572;17.8303
862247;89.9145;18.082
