sporuls;seuilHR;seuilTmoy
2.30128e+06;88.1613;17.9847
2.26476e+06;89.5403;17.7048
2.2937e+06;89.6024;17.9303
2.30372e+06;90.0571;18.0025
2.29067e+06;93.2391;17.9088
2.27484e+06;90.9387;17.7997
2.30956e+06;88.6931;18.0457
2.30538e+06;88.466;18.0147
2.2664e+06;90.2249;17.7154
2.27451e+06;91.0155;17.7684
2.29443e+06;88.4474;17.9355
2.27711e+06;89.1206;17.815
2.34062e+06;90.3992;18.2738
2.30272e+06;90.1701;17.9952
2.32869e+06;90.5701;18.1801
2.33554e+06;89.6668;18.2335
2.32417e+06;90.2824;18.145
2.28379e+06;89.7222;17.8608
2.31031e+06;90.1496;18.0513
2.34021e+06;89.9611;18.2705
2.30717e+06;89.1297;18.028
2.28762e+06;89.3638;17.8874
2.2862e+06;91.1077;17.8775
2.32943e+06;89.1626;18.1858
2.26449e+06;90.7982;17.703
2.29061e+06;90.5203;17.9084
2.3031e+06;88.7554;17.998
2.32039e+06;88.9922;18.1161
2.31217e+06;90.6558;18.0652
2.32333e+06;89.3698;18.1386
2.2974e+06;90.2444;17.9567
2.34684e+06;89.3761;18.2796
2.33622e+06;91.7194;18.2389
2.32202e+06;91.6528;18.1286
2.31845e+06;90.1225;18.1014
2.29195e+06;89.5051;17.9179
2.313e+06;89.6208;18.0715
2.31642e+06;89.994;18.086
2.30719e+06;89.8848;18.0281
2.31079e+06;88.8625;18.0549
2.32768e+06;89.7155;18.1722
2.27333e+06;90.1394;17.7606
2.32199e+06;89.7881;18.1283
2.3201e+06;89.9545;18.1139
2.29988e+06;89.773;17.9746
2.31655e+06;89.3544;18.0871
2.3121e+06;90.4295;18.0647
2.28461e+06;87.9884;17.8664
2.30188e+06;89.5224;17.9891
2.30376e+06;90.0362;18.0028
2.25332e+06;89.5424;17.6321
2.26878e+06;91.6255;17.7308
2.32119e+06;91.6162;18.1222
2.27417e+06;90.679;17.7661
2.34815e+06;89.3411;18.2901
2.2805e+06;88.8555;17.8381
2.28539e+06;89.0462;17.8719
2.34724e+06;91.8415;18.2828
2.31846e+06;90.6055;18.1015
2.26892e+06;89.3361;17.7317
2.28725e+06;90.4486;17.8848
2.32333e+06;88.3529;18.1386
2.29475e+06;90.9126;17.9378
2.29387e+06;90.9183;17.9315
2.34866e+06;89.1233;18.2942
2.33987e+06;88.6634;18.2678
2.28737e+06;90.005;17.8857
2.3133e+06;88.3778;18.0737
2.32745e+06;88.2458;18.1704
2.32073e+06;89.9785;18.1187
2.26695e+06;91.3998;17.7189
2.31268e+06;89.3546;18.0691
2.32308e+06;88.8665;18.1367
2.27882e+06;88.4902;17.8266
2.32269e+06;89.7761;18.1336
2.26561e+06;91.0237;17.7102
2.2586e+06;90.1804;17.6654
2.28057e+06;91.0735;17.8386
2.28577e+06;89.7564;17.8745
2.28653e+06;89.8836;17.8798
2.2925e+06;88.4231;17.9218
2.28322e+06;90.7377;17.8568
2.30326e+06;89.5348;17.9992
2.323e+06;90.1434;18.136
2.32012e+06;89.4668;18.1141
2.29303e+06;90.1631;17.9256
2.28567e+06;91.7716;17.8738
2.25489e+06;89.4149;17.642
2.25118e+06;91.2841;17.6187
2.29953e+06;89.0065;17.9721
2.36398e+06;90.4405;18.4159
2.30074e+06;91.6022;17.9808
2.31554e+06;89.7264;18.0795
2.29962e+06;90.5108;17.9727
2.23308e+06;89.1525;17.5077
2.34686e+06;90.2466;18.2799
2.2796e+06;89.7475;17.832
2.2874e+06;90.8402;17.8858
2.27936e+06;90.1572;17.8303
2.31588e+06;89.9145;18.082
