sporuls;seuilHR;seuilTmoy
1.54345e+06;88.1613;17.9847
1.50878e+06;89.5403;17.7048
1.53684e+06;89.6024;17.9303
1.54559e+06;90.0571;18.0025
1.53422e+06;93.2391;17.9088
1.52073e+06;90.9387;17.7997
1.55077e+06;88.6931;18.0457
1.54706e+06;88.466;18.0147
1.51013e+06;90.2249;17.7154
1.51682e+06;91.0155;17.7684
1.53747e+06;88.4474;17.9355
1.52264e+06;89.1206;17.815
1.57773e+06;90.3992;18.2738
1.54471e+06;90.1701;17.9952
1.56665e+06;90.5701;18.1801
1.57312e+06;89.6668;18.2335
1.56257e+06;90.2824;18.145
1.52831e+06;89.7222;17.8608
1.55145e+06;90.1496;18.0513
1.57736e+06;89.9611;18.2705
1.54865e+06;89.1297;18.028
1.53159e+06;89.3638;17.8874
1.53037e+06;91.1077;17.8775
1.56732e+06;89.1626;18.1858
1.50857e+06;90.7982;17.703
1.53416e+06;90.5203;17.9084
1.54504e+06;88.7554;17.998
1.55912e+06;88.9922;18.1161
1.5531e+06;90.6558;18.0652
1.56182e+06;89.3698;18.1386
1.54006e+06;90.2444;17.9567
1.5784e+06;89.3761;18.2796
1.57374e+06;91.7194;18.2389
1.56065e+06;91.6528;18.1286
1.55739e+06;90.1225;18.1014
1.53532e+06;89.5051;17.9179
1.55385e+06;89.6208;18.0715
1.55557e+06;89.994;18.086
1.54866e+06;89.8848;18.0281
1.55187e+06;88.8625;18.0549
1.56574e+06;89.7155;18.1722
1.51584e+06;90.1394;17.7606
1.56062e+06;89.7881;18.1283
1.55887e+06;89.9545;18.1139
1.54222e+06;89.773;17.9746
1.55569e+06;89.3544;18.0871
1.55304e+06;90.4295;18.0647
1.529e+06;87.9884;17.8664
1.54397e+06;89.5224;17.9891
1.54563e+06;90.0362;18.0028
1.4995e+06;89.5424;17.6321
1.51208e+06;91.6255;17.7308
1.55984e+06;91.6162;18.1222
1.51653e+06;90.679;17.7661
1.57959e+06;89.3411;18.2901
1.5255e+06;88.8555;17.8381
1.52968e+06;89.0462;17.8719
1.57876e+06;91.8415;18.2828
1.5574e+06;90.6055;18.1015
1.51219e+06;89.3361;17.7317
1.53127e+06;90.4486;17.8848
1.56182e+06;88.3529;18.1386
1.53775e+06;90.9126;17.9378
1.53698e+06;90.9183;17.9315
1.58006e+06;89.1233;18.2942
1.57705e+06;88.6634;18.2678
1.53137e+06;90.005;17.8857
1.55411e+06;88.3778;18.0737
1.56553e+06;88.2458;18.1704
1.55943e+06;89.9785;18.1187
1.51057e+06;91.3998;17.7189
1.55356e+06;89.3546;18.0691
1.5616e+06;88.8665;18.1367
1.52408e+06;88.4902;17.8266
1.56124e+06;89.7761;18.1336
1.50948e+06;91.0237;17.7102
1.50377e+06;90.1804;17.6654
1.52557e+06;91.0735;17.8386
1.53e+06;89.7564;17.8745
1.53065e+06;89.8836;17.8798
1.5358e+06;88.4231;17.9218
1.52782e+06;90.7377;17.8568
1.54519e+06;89.5348;17.9992
1.56152e+06;90.1434;18.136
1.55889e+06;89.4668;18.1141
1.53626e+06;90.1631;17.9256
1.52992e+06;91.7716;17.8738
1.50077e+06;89.4149;17.642
1.49777e+06;91.2841;17.6187
1.54192e+06;89.0065;17.9721
1.5941e+06;90.4405;18.4159
1.54298e+06;91.6022;17.9808
1.55479e+06;89.7264;18.0795
1.54199e+06;90.5108;17.9727
1.48326e+06;89.1525;17.5077
1.57842e+06;90.2466;18.2799
1.52474e+06;89.7475;17.832
1.53139e+06;90.8402;17.8858
1.52454e+06;90.1572;17.8303
1.5551e+06;89.9145;18.082
