sporuls;seuilHR;seuilTmoy
2.86404e+06;88.1613;17.9847
2.81017e+06;89.5403;17.7048
2.85062e+06;89.6024;17.9303
2.86328e+06;90.0571;18.0025
2.84684e+06;93.2391;17.9088
2.82736e+06;90.9387;17.7997
2.87465e+06;88.6931;18.0457
2.86928e+06;88.466;18.0147
2.81211e+06;90.2249;17.7154
2.82173e+06;91.0155;17.7684
2.85539e+06;88.4474;17.9355
2.83395e+06;89.1206;17.815
2.9095e+06;90.3992;18.2738
2.86201e+06;90.1701;17.9952
2.89376e+06;90.5701;18.1801
2.90277e+06;89.6668;18.2335
2.88782e+06;90.2824;18.145
2.8383e+06;89.7222;17.8608
2.87175e+06;90.1496;18.0513
2.90896e+06;89.9611;18.2705
2.87158e+06;89.1297;18.028
2.84687e+06;89.3638;17.8874
2.84128e+06;91.1077;17.8775
2.89862e+06;89.1626;18.1858
2.80986e+06;90.7982;17.703
2.84676e+06;90.5203;17.9084
2.86635e+06;88.7554;17.998
2.88677e+06;88.9922;18.1161
2.87415e+06;90.6558;18.0652
2.8906e+06;89.3698;18.1386
2.85528e+06;90.2444;17.9567
2.91048e+06;89.3761;18.2796
2.90368e+06;91.7194;18.2389
2.88501e+06;91.6528;18.1286
2.88036e+06;90.1225;18.1014
2.84844e+06;89.5051;17.9179
2.87523e+06;89.6208;18.0715
2.87773e+06;89.994;18.086
2.86773e+06;89.8848;18.0281
2.87624e+06;88.8625;18.0549
2.89243e+06;89.7155;18.1722
2.82032e+06;90.1394;17.7606
2.88497e+06;89.7881;18.1283
2.88251e+06;89.9545;18.1139
2.85841e+06;89.773;17.9746
2.88178e+06;89.3544;18.0871
2.87406e+06;90.4295;18.0647
2.84314e+06;87.9884;17.8664
2.86094e+06;89.5224;17.9891
2.86334e+06;90.0362;18.0028
2.79685e+06;89.5424;17.6321
2.81491e+06;91.6255;17.7308
2.88393e+06;91.6162;18.1222
2.82131e+06;90.679;17.7661
2.91613e+06;89.3411;18.2901
2.83808e+06;88.8555;17.8381
2.84411e+06;89.0462;17.8719
2.91101e+06;91.8415;18.2828
2.88038e+06;90.6055;18.1015
2.81889e+06;89.3361;17.7317
2.84257e+06;90.4486;17.8848
2.89061e+06;88.3529;18.1386
2.85194e+06;90.9126;17.9378
2.85083e+06;90.9183;17.9315
2.91681e+06;89.1233;18.2942
2.91242e+06;88.6634;18.2678
2.84273e+06;90.005;17.8857
2.87949e+06;88.3778;18.0737
2.89602e+06;88.2458;18.1704
2.88333e+06;89.9785;18.1187
2.81275e+06;91.3998;17.7189
2.87869e+06;89.3546;18.0691
2.89028e+06;88.8665;18.1367
2.83603e+06;88.4902;17.8266
2.88588e+06;89.7761;18.1336
2.81117e+06;91.0237;17.7102
2.80296e+06;90.1804;17.6654
2.83434e+06;91.0735;17.8386
2.84074e+06;89.7564;17.8745
2.84168e+06;89.8836;17.8798
2.85297e+06;88.4231;17.9218
2.8376e+06;90.7377;17.8568
2.8627e+06;89.5348;17.9992
2.88628e+06;90.1434;18.136
2.88254e+06;89.4668;18.1141
2.84979e+06;90.1631;17.9256
2.84062e+06;91.7716;17.8738
2.79866e+06;89.4149;17.642
2.79437e+06;91.2841;17.6187
2.86182e+06;89.0065;17.9721
2.93385e+06;90.4405;18.4159
2.8595e+06;91.6022;17.9808
2.8766e+06;89.7264;18.0795
2.85808e+06;90.5108;17.9727
2.77737e+06;89.1525;17.5077
2.91052e+06;90.2466;18.2799
2.83315e+06;89.7475;17.832
2.84276e+06;90.8402;17.8858
2.83286e+06;90.1572;17.8303
2.87704e+06;89.9145;18.082
