sporuls;seuilHR;seuilTmoy
32273.4;88.1613;17.9847
192136;89.5403;17.7048
226858;89.6024;17.9303
-67773.9;90.0571;18.0025
11137.3;93.2391;17.9088
-99669.8;90.9387;17.7997
-61076.4;88.6931;18.0457
-65870.7;88.466;18.0147
-113127;90.2249;17.7154
-104648;91.0155;17.7684
-78232.5;88.4474;17.9355
-38389;89.1206;17.815
278317;90.3992;18.2738
-68906.1;90.1701;17.9952
-40288.4;90.5701;18.1801
-32159;89.6668;18.2335
-45792.8;90.2824;18.145
-89992.8;89.7222;17.8608
-60205.6;90.1496;18.0513
-26476;89.9611;18.2705
-63818;89.1297;18.028
-85794.2;89.3638;17.8874
-87352;91.1077;17.8775
-39417.4;89.1626;18.1858
-115104;90.7982;17.703
-23683.4;90.5203;17.9084
237113;88.7554;17.998
254816;88.9922;18.1161
247221;90.6558;18.0652
258152;89.3698;18.1386
230878;90.2444;17.9567
279175;89.3761;18.2796
273127;91.7194;18.2389
256669;91.6528;18.1286
252623;90.1225;18.1014
224971;89.5051;17.9179
248157;89.6208;18.0715
250331;89.994;18.086
241649;89.8848;18.0281
245678;88.8625;18.0549
263142;89.7155;18.1722
200810;90.1394;17.7606
256636;89.7881;18.1283
243227;89.9545;18.1139
233584;89.773;17.9746
152066;89.3544;18.0871
174952;90.4295;18.0647
217108;87.9884;17.8664
163916;89.5224;17.9891
237845;90.0362;18.0028
180789;89.5424;17.6321
196185;91.6255;17.7308
255728;91.6162;18.1222
-51382.4;90.679;17.7661
281463;89.3411;18.2901
212762;88.8555;17.8381
217942;89.0462;17.8719
125883;91.8415;18.2828
108645;90.6055;18.1015
196327;89.3361;17.7317
212238;90.4486;17.8848
250843;88.3529;18.1386
92907.4;90.9126;17.9378
92297.3;90.9183;17.9315
80037.3;89.1233;18.2942
124481;88.6634;18.2678
16990.3;90.005;17.8857
106000;88.3778;18.0737
58577.6;88.2458;18.1704
243951;89.9785;18.1187
-58915.8;91.3998;17.7189
105557;89.3546;18.0691
111991;88.8665;18.1367
8156.53;88.4902;17.8266
111701;89.7761;18.1336
-117517;91.0237;17.7102
177991;90.1804;17.6654
9539.98;91.0735;17.8386
-144231;89.7564;17.8745
16067;89.8836;17.8798
91354;88.4231;17.9218
13003.2;90.7377;17.8568
-67954.4;89.5348;17.9992
53334.6;90.1434;18.136
-43746.6;89.4668;18.1141
120515;90.1631;17.9256
86676.5;91.7716;17.8738
-20980.4;89.4149;17.642
61398.1;91.2841;17.6187
96234.4;89.0065;17.9721
98070.6;90.4405;18.4159
97080.2;91.6022;17.9808
47410.8;89.7264;18.0795
134427;90.5108;17.9727
132856;89.1525;17.5077
272091;90.2466;18.2799
9063.49;89.7475;17.832
6669.34;90.8402;17.8858
108523;90.1572;17.8303
106792;89.9145;18.082
