sporuls;seuilHR;seuilTmoy
2.39032e+06;88.1613;17.9847
2.27702e+06;89.5403;17.7048
2.36868e+06;89.6024;17.9303
2.39853e+06;90.0571;18.0025
2.36152e+06;93.2391;17.9088
2.31767e+06;90.9387;17.7997
2.41434e+06;88.6931;18.0457
2.40217e+06;88.466;18.0147
2.28328e+06;90.2249;17.7154
2.30496e+06;91.0155;17.7684
2.37076e+06;88.4474;17.9355
2.32224e+06;89.1206;17.815
2.50312e+06;90.3992;18.2738
2.39567e+06;90.1701;17.9952
2.46733e+06;90.5701;18.1801
2.48725e+06;89.6668;18.2335
2.45391e+06;90.2824;18.145
2.34077e+06;89.7222;17.8608
2.41763e+06;90.1496;18.0513
2.50191e+06;89.9611;18.2705
2.40738e+06;89.1297;18.028
2.3515e+06;89.3638;17.8874
2.349e+06;91.1077;17.8775
2.46875e+06;89.1626;18.1858
2.27822e+06;90.7982;17.703
2.36135e+06;90.5203;17.9084
2.39555e+06;88.7554;17.998
2.44181e+06;88.9922;18.1161
2.42303e+06;90.6558;18.0652
2.45055e+06;89.3698;18.1386
2.38051e+06;90.2444;17.9567
2.50479e+06;89.3761;18.2796
2.48994e+06;91.7194;18.2389
2.44758e+06;91.6528;18.1286
2.43705e+06;90.1225;18.1014
2.36373e+06;89.5051;17.9179
2.42444e+06;89.6208;18.0715
2.43111e+06;89.994;18.086
2.40855e+06;89.8848;18.0281
2.41796e+06;88.8625;18.0549
2.46353e+06;89.7155;18.1722
2.30178e+06;90.1394;17.7606
2.4466e+06;89.7881;18.1283
2.44189e+06;89.9545;18.1139
2.3863e+06;89.773;17.9746
2.43052e+06;89.3544;18.0871
2.42284e+06;90.4295;18.0647
2.34305e+06;87.9884;17.8664
2.39204e+06;89.5224;17.9891
2.39865e+06;90.0362;18.0028
2.24685e+06;89.5424;17.6321
2.2896e+06;91.6255;17.7308
2.4451e+06;91.6162;18.1222
2.30403e+06;90.679;17.7661
2.50875e+06;89.3411;18.2901
2.3316e+06;88.8555;17.8381
2.34525e+06;89.0462;17.8719
2.50654e+06;91.8415;18.2828
2.43708e+06;90.6055;18.1015
2.28814e+06;89.3361;17.7317
2.35192e+06;90.4486;17.8848
2.45057e+06;88.3529;18.1386
2.373e+06;90.9126;17.9378
2.37051e+06;90.9183;17.9315
2.51031e+06;89.1233;18.2942
2.5003e+06;88.6634;18.2678
2.35227e+06;90.005;17.8857
2.42532e+06;88.3778;18.0737
2.46285e+06;88.2458;18.1704
2.44375e+06;89.9785;18.1187
2.28473e+06;91.3998;17.7189
2.4235e+06;89.3546;18.0691
2.44982e+06;88.8665;18.1367
2.32696e+06;88.4902;17.8266
2.44864e+06;89.7761;18.1336
2.28117e+06;91.0237;17.7102
2.2627e+06;90.1804;17.6654
2.33339e+06;91.0735;17.8386
2.3463e+06;89.7564;17.8745
2.34991e+06;89.8836;17.8798
2.36528e+06;88.4231;17.9218
2.34072e+06;90.7377;17.8568
2.39602e+06;89.5348;17.9992
2.45044e+06;90.1434;18.136
2.44103e+06;89.4668;18.1141
2.36817e+06;90.1631;17.9256
2.34753e+06;91.7716;17.8738
2.25096e+06;89.4149;17.642
2.24334e+06;91.2841;17.6187
2.3853e+06;89.0065;17.9721
2.5571e+06;90.4405;18.4159
2.39001e+06;91.6022;17.9808
2.42755e+06;89.7264;18.0795
2.38681e+06;90.5108;17.9727
2.19437e+06;89.1525;17.5077
2.50541e+06;90.2466;18.2799
2.32911e+06;89.7475;17.832
2.35234e+06;90.8402;17.8858
2.33005e+06;90.1572;17.8303
2.42956e+06;89.9145;18.082
