sporuls;seuilHR;seuilTmoy
5.67157e+06;88.1613;17.9847
5.59318e+06;89.5403;17.7048
5.65461e+06;89.6024;17.9303
5.67703e+06;90.0571;18.0025
5.64787e+06;93.2391;17.9088
5.61265e+06;90.9387;17.7997
5.69018e+06;88.6931;18.0457
5.68078e+06;88.466;18.0147
5.59683e+06;90.2249;17.7154
5.60778e+06;91.0155;17.7684
5.65625e+06;88.4474;17.9355
5.6177e+06;89.1206;17.815
5.75867e+06;90.3992;18.2738
5.6748e+06;90.1701;17.9952
5.7318e+06;90.5701;18.1801
5.74721e+06;89.6668;18.2335
5.72161e+06;90.2824;18.145
5.63254e+06;89.7222;17.8608
5.69187e+06;90.1496;18.0513
5.75776e+06;89.9611;18.2705
5.68482e+06;89.1297;18.028
5.64106e+06;89.3638;17.8874
5.63791e+06;91.1077;17.8775
5.73346e+06;89.1626;18.1858
5.5926e+06;90.7982;17.703
5.64773e+06;90.5203;17.9084
5.67564e+06;88.7554;17.998
5.7131e+06;88.9922;18.1161
5.69605e+06;90.6558;18.0652
5.71971e+06;89.3698;18.1386
5.66289e+06;90.2444;17.9567
5.76743e+06;89.3761;18.2796
5.74875e+06;91.7194;18.2389
5.71677e+06;91.6528;18.1286
5.70874e+06;90.1225;18.1014
5.65072e+06;89.5051;17.9179
5.69793e+06;89.6208;18.0715
5.70417e+06;89.994;18.086
5.68484e+06;89.8848;18.0281
5.69296e+06;88.8625;18.0549
5.72952e+06;89.7155;18.1722
5.60517e+06;90.1394;17.7606
5.71671e+06;89.7881;18.1283
5.71245e+06;89.9545;18.1139
5.66843e+06;89.773;17.9746
5.70448e+06;89.3544;18.0871
5.69591e+06;90.4295;18.0647
5.63435e+06;87.9884;17.8664
5.67291e+06;89.5224;17.9891
5.67713e+06;90.0362;18.0028
5.5679e+06;89.5424;17.6321
5.59509e+06;91.6255;17.7308
5.71491e+06;91.6162;18.1222
5.60702e+06;90.679;17.7661
5.7704e+06;89.3411;18.2901
5.62522e+06;88.8555;17.8381
5.6361e+06;89.0462;17.8719
5.76834e+06;91.8415;18.2828
5.70876e+06;90.6055;18.1015
5.5954e+06;89.3361;17.7317
5.64023e+06;90.4486;17.8848
5.71972e+06;88.3529;18.1386
5.65696e+06;90.9126;17.9378
5.65499e+06;90.9183;17.9315
5.77156e+06;89.1233;18.2942
5.75698e+06;88.6634;18.2678
5.64051e+06;90.005;17.8857
5.69861e+06;88.3778;18.0737
5.72901e+06;88.2458;18.1704
5.71387e+06;89.9785;18.1187
5.59804e+06;91.3998;17.7189
5.69721e+06;89.3546;18.0691
5.71916e+06;88.8665;18.1367
5.62149e+06;88.4902;17.8266
5.71826e+06;89.7761;18.1336
5.59506e+06;91.0237;17.7102
5.57955e+06;90.1804;17.6654
5.62539e+06;91.0735;17.8386
5.63694e+06;89.7564;17.8745
5.63863e+06;89.8836;17.8798
5.65194e+06;88.4231;17.9218
5.63128e+06;90.7377;17.8568
5.67601e+06;89.5348;17.9992
5.71896e+06;90.1434;18.136
5.7125e+06;89.4668;18.1141
5.65313e+06;90.1631;17.9256
5.63673e+06;91.7716;17.8738
5.57136e+06;89.4149;17.642
5.57263e+06;91.2841;17.6187
5.66765e+06;89.0065;17.9721
5.80677e+06;90.4405;18.4159
5.67036e+06;91.6022;17.9808
5.70221e+06;89.7264;18.0795
5.66785e+06;90.5108;17.9727
5.54452e+06;89.1525;17.5077
5.7675e+06;90.2466;18.2799
5.62322e+06;89.7475;17.832
5.64056e+06;90.8402;17.8858
5.62269e+06;90.1572;17.8303
5.70298e+06;89.9145;18.082
