sporuls;seuilHR;seuilTmoy
-2.64706e+06;88.1613;17.9847
3.48125e+06;89.5403;17.7048
3.52176e+06;89.6024;17.9303
-3.60613e+06;90.0571;18.0025
-2.72418e+06;93.2391;17.9088
-3.65545e+06;90.9387;17.7997
-3.59572e+06;88.6931;18.0457
-3.60317e+06;88.466;18.0147
-3.67618e+06;90.2249;17.7154
-3.66313e+06;91.0155;17.7684
-3.62234e+06;88.4474;17.9355
-734699;89.1206;17.815
3.58148e+06;90.3992;18.2738
-3.60788e+06;90.1701;17.9952
-3.56335e+06;90.5701;18.1801
-3.55066e+06;89.6668;18.2335
-3.57192e+06;90.2824;18.145
-3.64052e+06;89.7222;17.8608
-3.59437e+06;90.1496;18.0513
-3.54176e+06;89.9611;18.2705
-3.59998e+06;89.1297;18.028
-3.63403e+06;89.3638;17.8874
-3.63644e+06;91.1077;17.8775
-3.56199e+06;89.1626;18.1858
-3.67922e+06;90.7982;17.703
-717034;90.5203;17.9084
3.53369e+06;88.7554;17.998
3.55421e+06;88.9922;18.1161
3.54542e+06;90.6558;18.0652
3.55806e+06;89.3698;18.1386
3.52644e+06;90.2444;17.9567
3.58247e+06;89.3761;18.2796
3.57541e+06;91.7194;18.2389
3.55635e+06;91.6528;18.1286
3.55168e+06;90.1225;18.1014
3.51956e+06;89.5051;17.9179
3.54651e+06;89.6208;18.0715
3.54902e+06;89.994;18.086
3.53896e+06;89.8848;18.0281
3.54363e+06;88.8625;18.0549
3.56381e+06;89.7155;18.1722
3.49139e+06;90.1394;17.7606
3.55631e+06;89.7881;18.1283
3.3033e+06;89.9545;18.1139
3.52958e+06;89.773;17.9746
1.25056e+06;89.3544;18.0871
0;90.4295;18.0647
3.5104e+06;87.9884;17.8664
0;89.5224;17.9891
3.53454e+06;90.0362;18.0028
3.46798e+06;89.5424;17.6321
3.48598e+06;91.6255;17.7308
3.55527e+06;91.6162;18.1222
2.26584e+06;90.679;17.7661
3.56982e+06;89.3411;18.2901
3.50534e+06;88.8555;17.8381
3.51138e+06;89.0462;17.8719
0;91.8415;18.2828
0;90.6055;18.1015
3.48615e+06;89.3361;17.7317
3.36665e+06;90.4486;17.8848
3.41347e+06;88.3529;18.1386
0;90.9126;17.9378
0;90.9183;17.9315
-2.55176e+06;89.1233;18.2942
0;88.6634;18.2678
-2.64256e+06;90.005;17.8857
0;88.3778;18.0737
-2.5959e+06;88.2458;18.1704
3.3042e+06;89.9785;18.1187
2.25591e+06;91.3998;17.7189
0;89.3546;18.0691
0;88.8665;18.1367
-2.66395e+06;88.4902;17.8266
0;89.7761;18.1336
1.31718e+06;91.0237;17.7102
3.3249e+06;90.1804;17.6654
-2.68093e+06;91.0735;17.8386
-860888;89.7564;17.8745
-2.64396e+06;89.8836;17.8798
0;88.4231;17.9218
-2.65232e+06;90.7377;17.8568
-3.60361e+06;89.5348;17.9992
-2.60397e+06;90.1434;18.136
-3.532e+06;89.4668;18.1141
0;90.1631;17.9256
0;91.7716;17.8738
-2.70273e+06;89.4149;17.642
0;91.2841;17.6187
0;89.0065;17.9721
-2.52453e+06;90.4405;18.4159
0;91.6022;17.9808
-2.60096e+06;89.7264;18.0795
1.22398e+06;90.5108;17.9727
2.85641e+06;89.1525;17.5077
3.43922e+06;90.2466;18.2799
-2.65978e+06;89.7475;17.832
-2.69359e+06;90.8402;17.8858
0;90.1572;17.8303
0;89.9145;18.082
