sporuls;seuilHR;seuilTmoy
2.38469e+06;88.1613;17.9847
2.33832e+06;89.5403;17.7048
2.37446e+06;89.6024;17.9303
2.3858e+06;90.0571;18.0025
2.37108e+06;93.2391;17.9088
2.35367e+06;90.9387;17.7997
2.39419e+06;88.6931;18.0457
2.38938e+06;88.466;18.0147
2.34005e+06;90.2249;17.7154
2.34864e+06;91.0155;17.7684
2.37695e+06;88.4474;17.9355
2.35778e+06;89.1206;17.815
2.42729e+06;90.3992;18.2738
2.38466e+06;90.1701;17.9952
2.41314e+06;90.5701;18.1801
2.42124e+06;89.6668;18.2335
2.4078e+06;90.2824;18.145
2.36344e+06;89.7222;17.8608
2.39338e+06;90.1496;18.0513
2.42681e+06;89.9611;18.2705
2.39144e+06;89.1297;18.028
2.36933e+06;89.3638;17.8874
2.3661e+06;91.1077;17.8775
2.4157e+06;89.1626;18.1858
2.33805e+06;90.7982;17.703
2.37101e+06;90.5203;17.9084
2.38676e+06;88.7554;17.998
2.40506e+06;88.9922;18.1161
2.39553e+06;90.6558;18.0652
2.4085e+06;89.3698;18.1386
2.37863e+06;90.2444;17.9567
2.42817e+06;89.3761;18.2796
2.42205e+06;91.7194;18.2389
2.40528e+06;91.6528;18.1286
2.40111e+06;90.1225;18.1014
2.3725e+06;89.5051;17.9179
2.3965e+06;89.6208;18.0715
2.39874e+06;89.994;18.086
2.38978e+06;89.8848;18.0281
2.39562e+06;88.8625;18.0549
2.41194e+06;89.7155;18.1722
2.34738e+06;90.1394;17.7606
2.40524e+06;89.7881;18.1283
2.40303e+06;89.9545;18.1139
2.38143e+06;89.773;17.9746
2.40059e+06;89.3544;18.0871
2.39546e+06;90.4295;18.0647
2.36599e+06;87.9884;17.8664
2.3837e+06;89.5224;17.9891
2.38584e+06;90.0362;18.0028
2.32644e+06;89.5424;17.6321
2.34255e+06;91.6255;17.7308
2.40431e+06;91.6162;18.1222
2.34827e+06;90.679;17.7661
2.43145e+06;89.3411;18.2901
2.36147e+06;88.8555;17.8381
2.36686e+06;89.0462;17.8719
2.42865e+06;91.8415;18.2828
2.40112e+06;90.6055;18.1015
2.34434e+06;89.3361;17.7317
2.36726e+06;90.4486;17.8848
2.4085e+06;88.3529;18.1386
2.37564e+06;90.9126;17.9378
2.37465e+06;90.9183;17.9315
2.43207e+06;89.1233;18.2942
2.42811e+06;88.6634;18.2678
2.3674e+06;90.005;17.8857
2.39853e+06;88.3778;18.0737
2.41337e+06;88.2458;18.1704
2.40377e+06;89.9785;18.1187
2.34062e+06;91.3998;17.7189
2.39781e+06;89.3546;18.0691
2.40821e+06;88.8665;18.1367
2.35964e+06;88.4902;17.8266
2.40605e+06;89.7761;18.1336
2.33921e+06;91.0237;17.7102
2.3319e+06;90.1804;17.6654
2.35991e+06;91.0735;17.8386
2.36562e+06;89.7564;17.8745
2.36646e+06;89.8836;17.8798
2.37478e+06;88.4231;17.9218
2.36282e+06;90.7377;17.8568
2.38528e+06;89.5348;17.9992
2.40642e+06;90.1434;18.136
2.40306e+06;89.4668;18.1141
2.37372e+06;90.1631;17.9256
2.36552e+06;91.7716;17.8738
2.32806e+06;89.4149;17.642
2.32423e+06;91.2841;17.6187
2.38271e+06;89.0065;17.9721
2.44953e+06;90.4405;18.4159
2.38241e+06;91.6022;17.9808
2.39773e+06;89.7264;18.0795
2.38113e+06;90.5108;17.9727
2.30734e+06;89.1525;17.5077
2.42821e+06;90.2466;18.2799
2.35884e+06;89.7475;17.832
2.36743e+06;90.8402;17.8858
2.35858e+06;90.1572;17.8303
2.39813e+06;89.9145;18.082
