sporuls;seuilHR;seuilTmoy
2.28659e+06;88.1613;17.9847
2.24438e+06;89.5403;17.7048
2.27477e+06;89.6024;17.9303
2.28428e+06;90.0571;18.0025
2.27192e+06;93.2391;17.9088
2.2573e+06;90.9387;17.7997
2.29456e+06;88.6931;18.0457
2.29052e+06;88.466;18.0147
2.24583e+06;90.2249;17.7154
2.25306e+06;91.0155;17.7684
2.28009e+06;88.4474;17.9355
1.52928e+06;89.1206;17.815
2.31898e+06;90.3992;18.2738
2.28332e+06;90.1701;17.9952
2.30717e+06;90.5701;18.1801
2.31393e+06;89.6668;18.2335
2.3027e+06;90.2824;18.145
2.26551e+06;89.7222;17.8608
2.29064e+06;90.1496;18.0513
2.31858e+06;89.9611;18.2705
2.29225e+06;89.1297;18.028
2.27369e+06;89.3638;17.8874
2.26775e+06;91.1077;17.8775
2.31257e+06;89.1626;18.1858
2.24414e+06;90.7982;17.703
1.55483e+06;90.5203;17.9084
2.28833e+06;88.7554;17.998
2.30366e+06;88.9922;18.1161
2.29244e+06;90.6558;18.0652
2.30654e+06;89.3698;18.1386
2.27827e+06;90.2444;17.9567
2.31972e+06;89.3761;18.2796
2.31461e+06;91.7194;18.2389
2.30059e+06;91.6528;18.1286
2.2971e+06;90.1225;18.1014
2.27312e+06;89.5051;17.9179
2.29325e+06;89.6208;18.0715
2.29513e+06;89.994;18.086
2.28761e+06;89.8848;18.0281
2.29576e+06;88.8625;18.0549
2.30617e+06;89.7155;18.1722
2.252e+06;90.1394;17.7606
2.30057e+06;89.7881;18.1283
2.29872e+06;89.9545;18.1139
2.28062e+06;89.773;17.9746
2.29992e+06;89.3544;18.0871
2.29237e+06;90.4295;18.0647
2.27089e+06;87.9884;17.8664
2.28252e+06;89.5224;17.9891
2.28432e+06;90.0362;18.0028
2.23432e+06;89.5424;17.6321
2.24794e+06;91.6255;17.7308
2.29978e+06;91.6162;18.1222
2.25275e+06;90.679;17.7661
2.32572e+06;89.3411;18.2901
2.26708e+06;88.8555;17.8381
2.27162e+06;89.0462;17.8719
2.32012e+06;91.8415;18.2828
2.29711e+06;90.6055;18.1015
2.25266e+06;89.3361;17.7317
2.26872e+06;90.4486;17.8848
2.30655e+06;88.3529;18.1386
2.27576e+06;90.9126;17.9378
2.27493e+06;90.9183;17.9315
2.32623e+06;89.1233;18.2942
2.32293e+06;88.6634;18.2678
2.26884e+06;90.005;17.8857
2.29819e+06;88.3778;18.0737
2.31062e+06;88.2458;18.1704
2.29933e+06;89.9785;18.1187
2.24632e+06;91.3998;17.7189
2.29759e+06;89.3546;18.0691
2.3063e+06;88.8665;18.1367
2.26554e+06;88.4902;17.8266
2.30124e+06;89.7761;18.1336
2.24513e+06;91.0237;17.7102
2.23894e+06;90.1804;17.6654
2.26254e+06;91.0735;17.8386
2.26734e+06;89.7564;17.8745
2.26805e+06;89.8836;17.8798
2.27827e+06;88.4231;17.9218
2.26498e+06;90.7377;17.8568
2.28384e+06;89.5348;17.9992
2.30155e+06;90.1434;18.136
2.29874e+06;89.4668;18.1141
2.27414e+06;90.1631;17.9256
2.26726e+06;91.7716;17.8738
2.2357e+06;89.4149;17.642
2.23245e+06;91.2841;17.6187
2.28492e+06;89.0065;17.9721
2.3371e+06;90.4405;18.4159
2.28144e+06;91.6022;17.9808
2.29428e+06;89.7264;18.0795
2.28037e+06;90.5108;17.9727
2.22128e+06;89.1525;17.5077
2.31974e+06;90.2466;18.2799
2.26165e+06;89.7475;17.832
2.26886e+06;90.8402;17.8858
2.26143e+06;90.1572;17.8303
2.29461e+06;89.9145;18.082
