sporuls;seuilHR;seuilTmoy
1.85413e+06;88.1613;17.9847
1.82464e+06;89.5403;17.7048
1.84849e+06;89.6024;17.9303
1.85596e+06;90.0571;18.0025
1.84626e+06;93.2391;17.9088
1.83478e+06;90.9387;17.7997
1.8604e+06;88.6931;18.0457
1.85722e+06;88.466;18.0147
1.82578e+06;90.2249;17.7154
1.83145e+06;91.0155;17.7684
1.84904e+06;88.4474;17.9355
1.8364e+06;89.1206;17.815
1.88354e+06;90.3992;18.2738
1.85521e+06;90.1701;17.9952
1.87411e+06;90.5701;18.1801
1.8795e+06;89.6668;18.2335
1.87056e+06;90.2824;18.145
1.84123e+06;89.7222;17.8608
1.861e+06;90.1496;18.0513
1.88322e+06;89.9611;18.2705
1.85859e+06;89.1297;18.028
1.84402e+06;89.3638;17.8874
1.84298e+06;91.1077;17.8775
1.87469e+06;89.1626;18.1858
1.82446e+06;90.7982;17.703
1.84622e+06;90.5203;17.9084
1.85549e+06;88.7554;17.998
1.86762e+06;88.9922;18.1161
1.86242e+06;90.6558;18.0652
1.8699e+06;89.3698;18.1386
1.85124e+06;90.2444;17.9567
1.88413e+06;89.3761;18.2796
1.88004e+06;91.7194;18.2389
1.86889e+06;91.6528;18.1286
1.86612e+06;90.1225;18.1014
1.84721e+06;89.5051;17.9179
1.86307e+06;89.6208;18.0715
1.86455e+06;89.994;18.086
1.85859e+06;89.8848;18.0281
1.86137e+06;88.8625;18.0549
1.87332e+06;89.7155;18.1722
1.83062e+06;90.1394;17.7606
1.86887e+06;89.7881;18.1283
1.8674e+06;89.9545;18.1139
1.85308e+06;89.773;17.9746
1.86466e+06;89.3544;18.0871
1.86237e+06;90.4295;18.0647
1.84182e+06;87.9884;17.8664
1.85458e+06;89.5224;17.9891
1.85599e+06;90.0362;18.0028
1.81681e+06;89.5424;17.6321
1.82744e+06;91.6255;17.7308
1.86824e+06;91.6162;18.1222
1.83121e+06;90.679;17.7661
1.88518e+06;89.3411;18.2901
1.83884e+06;88.8555;17.8381
1.84239e+06;89.0462;17.8719
1.88445e+06;91.8415;18.2828
1.86613e+06;90.6055;18.1015
1.82753e+06;89.3361;17.7317
1.84375e+06;90.4486;17.8848
1.86991e+06;88.3529;18.1386
1.84927e+06;90.9126;17.9378
1.84862e+06;90.9183;17.9315
1.88559e+06;89.1233;18.2942
1.88294e+06;88.6634;18.2678
1.84384e+06;90.005;17.8857
1.8633e+06;88.3778;18.0737
1.87314e+06;88.2458;18.1704
1.86789e+06;89.9785;18.1187
1.82616e+06;91.3998;17.7189
1.86282e+06;89.3546;18.0691
1.86971e+06;88.8665;18.1367
1.83763e+06;88.4902;17.8266
1.8694e+06;89.7761;18.1336
1.82523e+06;91.0237;17.7102
1.8204e+06;90.1804;17.6654
1.83889e+06;91.0735;17.8386
1.84267e+06;89.7564;17.8745
1.84322e+06;89.8836;17.8798
1.84761e+06;88.4231;17.9218
1.84081e+06;90.7377;17.8568
1.85562e+06;89.5348;17.9992
1.86965e+06;90.1434;18.136
1.86742e+06;89.4668;18.1141
1.848e+06;90.1631;17.9256
1.8426e+06;91.7716;17.8738
1.81787e+06;89.4149;17.642
1.81535e+06;91.2841;17.6187
1.85282e+06;89.0065;17.9721
1.90377e+06;90.4405;18.4159
1.85373e+06;91.6022;17.9808
1.86388e+06;89.7264;18.0795
1.85289e+06;90.5108;17.9727
1.80321e+06;89.1525;17.5077
1.88415e+06;90.2466;18.2799
1.83819e+06;89.7475;17.832
1.84386e+06;90.8402;17.8858
1.83802e+06;90.1572;17.8303
1.86414e+06;89.9145;18.082
