sporuls;seuilHR;seuilTmoy
2.33993e+06;88.1613;17.9847
2.28485e+06;89.5403;17.7048
2.32943e+06;89.6024;17.9303
2.34333e+06;90.0571;18.0025
2.32527e+06;93.2391;17.9088
2.30384e+06;90.9387;17.7997
2.35154e+06;88.6931;18.0457
2.34567e+06;88.466;18.0147
2.28698e+06;90.2249;17.7154
2.29762e+06;91.0155;17.7684
2.33044e+06;88.4474;17.9355
2.30688e+06;89.1206;17.815
2.39407e+06;90.3992;18.2738
2.34194e+06;90.1701;17.9952
2.37668e+06;90.5701;18.1801
2.38676e+06;89.6668;18.2335
2.37021e+06;90.2824;18.145
2.31588e+06;89.7222;17.8608
2.35261e+06;90.1496;18.0513
2.39349e+06;89.9611;18.2705
2.34818e+06;89.1297;18.028
2.32109e+06;89.3638;17.8874
2.31916e+06;91.1077;17.8775
2.37773e+06;89.1626;18.1858
2.2845e+06;90.7982;17.703
2.32519e+06;90.5203;17.9084
2.34246e+06;88.7554;17.998
2.36477e+06;88.9922;18.1161
2.35523e+06;90.6558;18.0652
2.36901e+06;89.3698;18.1386
2.33455e+06;90.2444;17.9567
2.39514e+06;89.3761;18.2796
2.38774e+06;91.7194;18.2389
2.36715e+06;91.6528;18.1286
2.36202e+06;90.1225;18.1014
2.32703e+06;89.5051;17.9179
2.35641e+06;89.6208;18.0715
2.35915e+06;89.994;18.086
2.3482e+06;89.8848;18.0281
2.35329e+06;88.8625;18.0549
2.37523e+06;89.7155;18.1722
2.29606e+06;90.1394;17.7606
2.36711e+06;89.7881;18.1283
2.36437e+06;89.9545;18.1139
2.33798e+06;89.773;17.9746
2.35934e+06;89.3544;18.0871
2.35514e+06;90.4295;18.0647
2.31699e+06;87.9884;17.8664
2.34076e+06;89.5224;17.9891
2.34339e+06;90.0362;18.0028
2.2701e+06;89.5424;17.6321
2.29009e+06;91.6255;17.7308
2.36592e+06;91.6162;18.1222
2.29716e+06;90.679;17.7661
2.39703e+06;89.3411;18.2901
2.31143e+06;88.8555;17.8381
2.31806e+06;89.0462;17.8719
2.39572e+06;91.8415;18.2828
2.36204e+06;90.6055;18.1015
2.29027e+06;89.3361;17.7317
2.32059e+06;90.4486;17.8848
2.36901e+06;88.3529;18.1386
2.33088e+06;90.9126;17.9378
2.32966e+06;90.9183;17.9315
2.39777e+06;89.1233;18.2942
2.39299e+06;88.6634;18.2678
2.32076e+06;90.005;17.8857
2.35683e+06;88.3778;18.0737
2.37491e+06;88.2458;18.1704
2.36526e+06;89.9785;18.1187
2.28769e+06;91.3998;17.7189
2.35596e+06;89.3546;18.0691
2.36866e+06;88.8665;18.1367
2.30917e+06;88.4902;17.8266
2.36809e+06;89.7761;18.1336
2.28595e+06;91.0237;17.7102
2.27688e+06;90.1804;17.6654
2.31153e+06;91.0735;17.8386
2.31857e+06;89.7564;17.8745
2.3196e+06;89.8836;17.8798
2.32778e+06;88.4231;17.9218
2.31511e+06;90.7377;17.8568
2.34269e+06;89.5348;17.9992
2.36853e+06;90.1434;18.136
2.3644e+06;89.4668;18.1141
2.32852e+06;90.1631;17.9256
2.31844e+06;91.7716;17.8738
2.27211e+06;89.4149;17.642
2.26734e+06;91.2841;17.6187
2.3375e+06;89.0065;17.9721
2.41983e+06;90.4405;18.4159
2.33918e+06;91.6022;17.9808
2.35791e+06;89.7264;18.0795
2.33762e+06;90.5108;17.9727
2.24434e+06;89.1525;17.5077
2.39518e+06;90.2466;18.2799
2.31022e+06;89.7475;17.832
2.32079e+06;90.8402;17.8858
2.3099e+06;90.1572;17.8303
2.35839e+06;89.9145;18.082
