sporuls;seuilHR;seuilTmoy
1.74341e+06;88.1613;17.9847
1.68674e+06;89.5403;17.7048
1.7326e+06;89.6024;17.9303
1.74691e+06;90.0571;18.0025
730682;93.2391;17.9088
749693;90.9387;17.7997
1.75538e+06;88.6931;18.0457
1.74932e+06;88.466;18.0147
742693;90.2249;17.7154
747109;91.0155;17.7684
1.73365e+06;88.4474;17.9355
1.70938e+06;89.1206;17.815
787136;90.3992;18.2738
765507;90.1701;17.9952
779893;90.5701;18.1801
1.79155e+06;89.6668;18.2335
777227;90.2824;18.145
1.71865e+06;89.7222;17.8608
769933;90.1496;18.0513
1.79846e+06;89.9611;18.2705
1.75191e+06;89.1297;18.028
1.72401e+06;89.3638;17.8874
756055;91.1077;17.8775
1.78235e+06;89.1626;18.1858
741661;90.7982;17.703
758558;90.5203;17.9084
1.74602e+06;88.7554;17.998
1.76901e+06;88.9922;18.1161
771021;90.6558;18.0652
1.77334e+06;89.3698;18.1386
762442;90.2444;17.9567
1.80015e+06;89.3761;18.2796
758532;91.7194;18.2389
750290;91.6528;18.1286
773833;90.1225;18.1014
1.73013e+06;89.5051;17.9179
1.7604e+06;89.6208;18.0715
1.76321e+06;89.994;18.086
1.75193e+06;89.8848;18.0281
1.75718e+06;88.8625;18.0549
1.77978e+06;89.7155;18.1722
746462;90.1394;17.7606
1.77139e+06;89.7881;18.1283
1.76859e+06;89.9545;18.1139
1.74141e+06;89.773;17.9746
1.76341e+06;89.3544;18.0871
770982;90.4295;18.0647
1.71979e+06;87.9884;17.8664
1.74427e+06;89.5224;17.9891
1.74697e+06;90.0362;18.0028
1.67158e+06;89.5424;17.6321
719523;91.6255;17.7308
749781;91.6162;18.1222
746919;90.679;17.7661
1.80209e+06;89.3411;18.2901
1.71406e+06;88.8555;17.8381
1.72089e+06;89.0462;17.8719
759344;91.8415;18.2828
773839;90.6055;18.1015
1.69231e+06;89.3361;17.7317
756647;90.4486;17.8848
1.77335e+06;88.3529;18.1386
760920;90.9126;17.9378
760416;90.9183;17.9315
1.80285e+06;89.1233;18.2942
1.79795e+06;88.6634;18.2678
1.72367e+06;90.005;17.8857
1.76083e+06;88.3778;18.0737
1.77944e+06;88.2458;18.1704
1.76951e+06;89.9785;18.1187
718568;91.3998;17.7189
1.75993e+06;89.3546;18.0691
1.77299e+06;88.8665;18.1367
1.71174e+06;88.4902;17.8266
1.7724e+06;89.7761;18.1336
742262;91.0237;17.7102
738492;90.1804;17.6654
752886;91.0735;17.8386
1.72142e+06;89.7564;17.8745
1.72248e+06;89.8836;17.8798
1.73091e+06;88.4231;17.9218
754374;90.7377;17.8568
1.74626e+06;89.5348;17.9992
776538;90.1434;18.136
1.76863e+06;89.4668;18.1141
759940;90.1631;17.9256
730849;91.7716;17.8738
1.67365e+06;89.4149;17.642
710416;91.2841;17.6187
1.74091e+06;89.0065;17.9721
797766;90.4405;18.4159
739129;91.6022;17.9808
1.76194e+06;89.7264;18.0795
763716;90.5108;17.9727
1.64508e+06;89.1525;17.5077
787588;90.2466;18.2799
1.71282e+06;89.7475;17.832
756731;90.8402;17.8858
752208;90.1572;17.8303
1.76244e+06;89.9145;18.082
