sporuls;seuilHR;seuilTmoy
2.34373e+06;88.1613;17.9847
2.31845e+06;89.5403;17.7048
2.33903e+06;89.6024;17.9303
2.34524e+06;90.0571;18.0025
1.41591e+06;93.2391;17.9088
1.57234e+06;90.9387;17.7997
2.34886e+06;88.6931;18.0457
2.34627e+06;88.466;18.0147
1.5666e+06;90.2249;17.7154
1.57023e+06;91.0155;17.7684
2.33949e+06;88.4474;17.9355
1.59402e+06;89.1206;17.815
1.6015e+06;90.3992;18.2738
1.58499e+06;90.1701;17.9952
1.59617e+06;90.5701;18.1801
2.36411e+06;89.6668;18.2335
1.59404e+06;90.2824;18.145
2.33286e+06;89.7222;17.8608
1.58844e+06;90.1496;18.0513
2.36694e+06;89.9611;18.2705
2.34738e+06;89.1297;18.028
2.33524e+06;89.3638;17.8874
1.57749e+06;91.1077;17.8775
2.36037e+06;89.1626;18.1858
1.56575e+06;90.7982;17.703
862467;90.5203;17.9084
2.34485e+06;88.7554;17.998
2.35466e+06;88.9922;18.1161
1.58928e+06;90.6558;18.0652
2.35647e+06;89.3698;18.1386
1.58259e+06;90.2444;17.9567
2.36763e+06;89.3761;18.2796
1.57982e+06;91.7194;18.2389
1.5734e+06;91.6528;18.1286
1.59146e+06;90.1225;18.1014
2.33794e+06;89.5051;17.9179
2.351e+06;89.6208;18.0715
2.3522e+06;89.994;18.086
2.34739e+06;89.8848;18.0281
2.34963e+06;88.8625;18.0549
2.3593e+06;89.7155;18.1722
1.5697e+06;90.1394;17.7606
2.35565e+06;89.7881;18.1283
2.35448e+06;89.9545;18.1139
2.34287e+06;89.773;17.9746
2.35228e+06;89.3544;18.0871
1.58925e+06;90.4295;18.0647
2.33337e+06;87.9884;17.8664
2.3441e+06;89.5224;17.9891
2.34526e+06;90.0362;18.0028
2.3115e+06;89.5424;17.6321
1.54823e+06;91.6255;17.7308
1.57303e+06;91.6162;18.1222
1.57007e+06;90.679;17.7661
2.36843e+06;89.3411;18.2901
2.33081e+06;88.8555;17.8381
2.33386e+06;89.0462;17.8719
1.58049e+06;91.8415;18.2828
1.59146e+06;90.6055;18.1015
2.32099e+06;89.3361;17.7317
1.57797e+06;90.4486;17.8848
2.35647e+06;88.3529;18.1386
1.58138e+06;90.9126;17.9378
1.58098e+06;90.9183;17.9315
2.36873e+06;89.1233;18.2942
2.36674e+06;88.6634;18.2678
2.33509e+06;90.005;17.8857
2.35119e+06;88.3778;18.0737
2.35916e+06;88.2458;18.1704
2.35487e+06;89.9785;18.1187
1.54742e+06;91.3998;17.7189
2.35081e+06;89.3546;18.0691
2.35632e+06;88.8665;18.1367
2.32977e+06;88.4902;17.8266
2.35607e+06;89.7761;18.1336
1.56625e+06;91.0237;17.7102
1.56313e+06;90.1804;17.6654
1.57494e+06;91.0735;17.8386
2.33409e+06;89.7564;17.8745
2.33456e+06;89.8836;17.8798
2.33829e+06;88.4231;17.9218
1.57614e+06;90.7377;17.8568
2.34496e+06;89.5348;17.9992
1.59351e+06;90.1434;18.136
2.35449e+06;89.4668;18.1141
1.5806e+06;90.1631;17.9256
1.55773e+06;91.7716;17.8738
2.31245e+06;89.4149;17.642
1.5405e+06;91.2841;17.6187
2.34266e+06;89.0065;17.9721
1.60942e+06;90.4405;18.4159
1.56451e+06;91.6022;17.9808
2.35166e+06;89.7264;18.0795
1.58359e+06;90.5108;17.9727
2.29925e+06;89.1525;17.5077
1.60184e+06;90.2466;18.2799
2.33026e+06;89.7475;17.832
1.57804e+06;90.8402;17.8858
1.57439e+06;90.1572;17.8303
2.35187e+06;89.9145;18.082
