sporuls;seuilHR;seuilTmoy
-1.62151e+06;88.1613;17.9847
3.9252e+06;89.5403;17.7048
3.96571e+06;89.6024;17.9303
-3.0655e+06;90.0571;18.0025
-1.68013e+06;93.2391;17.9088
-3.11491e+06;90.9387;17.7997
-3.05507e+06;88.6931;18.0457
-3.06254e+06;88.466;18.0147
-3.13566e+06;90.2249;17.7154
-3.12259e+06;91.0155;17.7684
-3.08173e+06;88.4474;17.9355
-734699;89.1206;17.815
4.02534e+06;90.3992;18.2738
-3.06726e+06;90.1701;17.9952
-3.02249e+06;90.5701;18.1801
-3.00977e+06;89.6668;18.2335
-3.03119e+06;90.2824;18.145
-3.09995e+06;89.7222;17.8608
-3.05372e+06;90.1496;18.0513
-3.00075e+06;89.9611;18.2705
-3.05934e+06;89.1297;18.028
-3.09345e+06;89.3638;17.8874
-3.09586e+06;91.1077;17.8775
-3.02112e+06;89.1626;18.1858
-3.13871e+06;90.7982;17.703
-717034;90.5203;17.9084
3.97763e+06;88.7554;17.998
3.99816e+06;88.9922;18.1161
3.98937e+06;90.6558;18.0652
4.00199e+06;89.3698;18.1386
3.97038e+06;90.2444;17.9567
4.02633e+06;89.3761;18.2796
4.0193e+06;91.7194;18.2389
4.00028e+06;91.6528;18.1286
3.99562e+06;90.1225;18.1014
3.96351e+06;89.5051;17.9179
3.99045e+06;89.6208;18.0715
3.99297e+06;89.994;18.086
3.9829e+06;89.8848;18.0281
3.98758e+06;88.8625;18.0549
4.00774e+06;89.7155;18.1722
3.93533e+06;90.1394;17.7606
4.00024e+06;89.7881;18.1283
3.70543e+06;89.9545;18.1139
3.97353e+06;89.773;17.9746
2.92536e+06;89.3544;18.0871
0;90.4295;18.0647
3.95435e+06;87.9884;17.8664
0;89.5224;17.9891
3.97848e+06;90.0362;18.0028
3.91192e+06;89.5424;17.6321
3.92993e+06;91.6255;17.7308
3.99921e+06;91.6162;18.1222
2.86398e+06;90.679;17.7661
4.00558e+06;89.3411;18.2901
3.94928e+06;88.8555;17.8381
3.95532e+06;89.0462;17.8719
0;91.8415;18.2828
0;90.6055;18.1015
3.93009e+06;89.3361;17.7317
3.78757e+06;90.4486;17.8848
3.83437e+06;88.3529;18.1386
0;90.9126;17.9378
0;90.9183;17.9315
-1.50258e+06;89.1233;18.2942
0;88.6634;18.2678
-1.58515e+06;90.005;17.8857
0;88.3778;18.0737
-1.54045e+06;88.2458;18.1704
3.70633e+06;89.9785;18.1187
2.85404e+06;91.3998;17.7189
0;89.3546;18.0691
0;88.8665;18.1367
-1.61942e+06;88.4902;17.8266
0;89.7761;18.1336
2.17785e+06;91.0237;17.7102
3.74582e+06;90.1804;17.6654
-1.65538e+06;91.0735;17.8386
1.20765e+06;89.7564;17.8745
-1.58655e+06;89.8836;17.8798
0;88.4231;17.9218
-1.60342e+06;90.7377;17.8568
-3.06198e+06;89.5348;17.9992
-1.54852e+06;90.1434;18.136
-2.95129e+06;89.4668;18.1141
0;90.1631;17.9256
0;91.7716;17.8738
-1.65383e+06;89.4149;17.642
0;91.2841;17.6187
0;89.0065;17.9721
-1.47536e+06;90.4405;18.4159
0;91.6022;17.9808
-1.55206e+06;89.7264;18.0795
2.89878e+06;90.5108;17.9727
3.7391e+06;89.1525;17.5077
3.86005e+06;90.2466;18.2799
-1.61247e+06;89.7475;17.832
-1.86539e+06;90.8402;17.8858
0;90.1572;17.8303
0;89.9145;18.082
