sporuls;seuilHR;seuilTmoy
4.60481e+06;88.1613;17.9847
4.55233e+06;89.5403;17.7048
4.59308e+06;89.6024;17.9303
4.60859e+06;90.0571;18.0025
4.58841e+06;93.2391;17.9088
4.56412e+06;90.9387;17.7997
4.6177e+06;88.6931;18.0457
4.61119e+06;88.466;18.0147
4.55482e+06;90.2249;17.7154
4.56095e+06;91.0155;17.7684
4.59421e+06;88.4474;17.9355
4.56759e+06;89.1206;17.815
4.66545e+06;90.3992;18.2738
4.60704e+06;90.1701;17.9952
4.64669e+06;90.5701;18.1801
4.65745e+06;89.6668;18.2335
4.63957e+06;90.2824;18.145
4.57782e+06;89.7222;17.8608
4.61887e+06;90.1496;18.0513
4.66481e+06;89.9611;18.2705
4.61398e+06;89.1297;18.028
4.58371e+06;89.3638;17.8874
4.58153e+06;91.1077;17.8775
4.64785e+06;89.1626;18.1858
4.55193e+06;90.7982;17.703
4.58832e+06;90.5203;17.9084
4.60762e+06;88.7554;17.998
4.63366e+06;88.9922;18.1161
4.62177e+06;90.6558;18.0652
4.63825e+06;89.3698;18.1386
4.5988e+06;90.2444;17.9567
4.67177e+06;89.3761;18.2796
4.65852e+06;91.7194;18.2389
4.63621e+06;91.6528;18.1286
4.63063e+06;90.1225;18.1014
4.59038e+06;89.5051;17.9179
4.62307e+06;89.6208;18.0715
4.62745e+06;89.994;18.086
4.614e+06;89.8848;18.0281
4.61962e+06;88.8625;18.0549
4.6451e+06;89.7155;18.1722
4.55916e+06;90.1394;17.7606
4.63616e+06;89.7881;18.1283
4.63321e+06;89.9545;18.1139
4.60264e+06;89.773;17.9746
4.62767e+06;89.3544;18.0871
4.62167e+06;90.4295;18.0647
4.57907e+06;87.9884;17.8664
4.60573e+06;89.5224;17.9891
4.60865e+06;90.0362;18.0028
4.53511e+06;89.5424;17.6321
4.55227e+06;91.6255;17.7308
4.63491e+06;91.6162;18.1222
4.56042e+06;90.679;17.7661
4.67384e+06;89.3411;18.2901
4.57276e+06;88.8555;17.8381
4.58028e+06;89.0462;17.8719
4.6724e+06;91.8415;18.2828
4.63065e+06;90.6055;18.1015
4.55249e+06;89.3361;17.7317
4.58314e+06;90.4486;17.8848
4.63826e+06;88.3529;18.1386
4.5947e+06;90.9126;17.9378
4.59334e+06;90.9183;17.9315
4.67465e+06;89.1233;18.2942
4.66427e+06;88.6634;18.2678
4.58333e+06;90.005;17.8857
4.62354e+06;88.3778;18.0737
4.64474e+06;88.2458;18.1704
4.63419e+06;89.9785;18.1187
4.55564e+06;91.3998;17.7189
4.62257e+06;89.3546;18.0691
4.63787e+06;88.8665;18.1367
4.5702e+06;88.4902;17.8266
4.63724e+06;89.7761;18.1336
4.55361e+06;91.0237;17.7102
4.54304e+06;90.1804;17.6654
4.57288e+06;91.0735;17.8386
4.58086e+06;89.7564;17.8745
4.58203e+06;89.8836;17.8798
4.59123e+06;88.4231;17.9218
4.57695e+06;90.7377;17.8568
4.60788e+06;89.5348;17.9992
4.63773e+06;90.1434;18.136
4.63324e+06;89.4668;18.1141
4.59205e+06;90.1631;17.9256
4.58071e+06;91.7716;17.8738
4.53747e+06;89.4149;17.642
4.54021e+06;91.2841;17.6187
4.6021e+06;89.0065;17.9721
4.69992e+06;90.4405;18.4159
4.60397e+06;91.6022;17.9808
4.62609e+06;89.7264;18.0795
4.60223e+06;90.5108;17.9727
4.52354e+06;89.1525;17.5077
4.67181e+06;90.2466;18.2799
4.57139e+06;89.7475;17.832
4.58337e+06;90.8402;17.8858
4.57102e+06;90.1572;17.8303
4.62662e+06;89.9145;18.082
