sporuls;seuilHR;seuilTmoy
183268;88.1613;17.9847
174427;89.5403;17.7048
181615;89.6024;17.9303
183798;90.0571;18.0025
129448;93.2391;17.9088
156046;90.9387;17.7997
185077;88.6931;18.0457
184162;88.466;18.0147
153577;90.2249;17.7154
155137;91.0155;17.7684
181776;88.4474;17.9355
-556696;89.1206;17.815
168830;90.3992;18.2738
161539;90.1701;17.9952
166448;90.5701;18.1801
190490;89.6668;18.2335
165518;90.2824;18.145
179453;89.7222;17.8608
163047;90.1496;18.0513
191516;89.9611;18.2705
184554;89.1297;18.028
180287;89.3638;17.8874
158275;91.1077;17.8775
189149;89.1626;18.1858
153211;90.7982;17.703
-557888;90.5203;17.9084
183662;88.7554;17.998
187130;88.9922;18.1161
163417;90.6558;18.0652
187776;89.3698;18.1386
160490;90.2444;17.9567
191766;89.3761;18.2796
167366;91.7194;18.2389
164510;91.6528;18.1286
164375;90.1225;18.1014
181234;89.5051;17.9179
185833;89.6208;18.0715
186258;89.994;18.086
184557;89.8848;18.0281
185348;88.8625;18.0549
188765;89.7155;18.1722
154909;90.1394;17.7606
187483;89.7881;18.1283
187067;89.9545;18.1139
182964;89.773;17.9746
186288;89.3544;18.0871
163404;90.4295;18.0647
179630;87.9884;17.8664
183398;89.5224;17.9891
183807;90.0362;18.0028
172014;89.5424;17.6321
153484;91.6255;17.7308
164345;91.6162;18.1222
155070;90.679;17.7661
192053;89.3411;18.2901
178736;88.8555;17.8381
179801;89.0462;17.8719
168412;91.8415;18.2828
164377;90.6055;18.1015
175311;89.3361;17.7317
158481;90.4486;17.8848
187777;88.3529;18.1386
159965;90.9126;17.9378
159790;90.9183;17.9315
192165;89.1233;18.2942
191441;88.6634;18.2678
180233;90.005;17.8857
185899;88.3778;18.0737
188714;88.2458;18.1704
187206;89.9785;18.1187
153134;91.3998;17.7189
185764;89.3546;18.0691
187722;88.8665;18.1367
178373;88.4902;17.8266
187635;89.7761;18.1336
153424;91.0237;17.7102
152088;90.1804;17.6654
157168;91.0735;17.8386
179883;89.7564;17.8745
180049;89.8836;17.8798
181353;88.4231;17.9218
157688;90.7377;17.8568
183698;89.5348;17.9992
165283;90.1434;18.136
187072;89.4668;18.1141
159626;90.1631;17.9256
157611;91.7716;17.8738
172344;89.4149;17.642
150142;91.2841;17.6187
182888;89.0065;17.9721
172322;90.4405;18.4159
160581;91.6022;17.9808
186066;89.7264;18.0795
160927;90.5108;17.9727
167775;89.1525;17.5077
168983;90.2466;18.2799
178542;89.7475;17.832
158511;90.8402;17.8858
156930;90.1572;17.8303
186141;89.9145;18.082
