sporuls;seuilHR;seuilTmoy
6.7821e+06;88.1613;17.9847
6.64745e+06;89.5403;17.7048
6.75255e+06;89.6024;17.9303
6.7859e+06;90.0571;18.0025
6.74254e+06;93.2391;17.9088
6.69079e+06;90.9387;17.7997
6.81004e+06;88.6931;18.0457
6.79592e+06;88.466;18.0147
6.65268e+06;90.2249;17.7154
6.67627e+06;91.0155;17.7684
6.75921e+06;88.4474;17.9355
6.69814e+06;89.1206;17.815
6.90638e+06;90.3992;18.2738
6.78257e+06;90.1701;17.9952
6.86576e+06;90.5701;18.1801
6.88905e+06;89.6668;18.2335
6.8502e+06;90.2824;18.145
6.71991e+06;89.7222;17.8608
6.80812e+06;90.1496;18.0513
6.905e+06;89.9611;18.2705
6.79752e+06;89.1297;18.028
6.73247e+06;89.3638;17.8874
6.72782e+06;91.1077;17.8775
6.86826e+06;89.1626;18.1858
6.6466e+06;90.7982;17.703
6.74234e+06;90.5203;17.9084
6.7882e+06;88.7554;17.998
6.84205e+06;88.9922;18.1161
6.81438e+06;90.6558;18.0652
6.84733e+06;89.3698;18.1386
6.76484e+06;90.2444;17.9567
6.91003e+06;89.3761;18.2796
6.89138e+06;91.7194;18.2389
6.84291e+06;91.6528;18.1286
6.83083e+06;90.1225;18.1014
6.74677e+06;89.5051;17.9179
6.81719e+06;89.6208;18.0715
6.82397e+06;89.994;18.086
6.79756e+06;89.8848;18.0281
6.81425e+06;88.8625;18.0549
6.86231e+06;89.7155;18.1722
6.6725e+06;90.1394;17.7606
6.84281e+06;89.7881;18.1283
6.83641e+06;89.9545;18.1139
6.77309e+06;89.773;17.9746
6.82443e+06;89.3544;18.0871
6.81416e+06;90.4295;18.0647
6.72663e+06;87.9884;17.8664
6.77976e+06;89.5224;17.9891
6.78604e+06;90.0362;18.0028
6.61124e+06;89.5424;17.6321
6.65799e+06;91.6255;17.7308
6.84011e+06;91.6162;18.1222
6.67517e+06;90.679;17.7661
6.91449e+06;89.3411;18.2901
6.71311e+06;88.8555;17.8381
6.72922e+06;89.0462;17.8719
6.91139e+06;91.8415;18.2828
6.83086e+06;90.6055;18.1015
6.65844e+06;89.3361;17.7317
6.73125e+06;90.4486;17.8848
6.85207e+06;88.3529;18.1386
6.75603e+06;90.9126;17.9378
6.75311e+06;90.9183;17.9315
6.91624e+06;89.1233;18.2942
6.90885e+06;88.6634;18.2678
6.73166e+06;90.005;17.8857
6.82277e+06;88.3778;18.0737
6.86633e+06;88.2458;18.1704
6.83854e+06;89.9785;18.1187
6.65441e+06;91.3998;17.7189
6.81612e+06;89.3546;18.0691
6.85122e+06;88.8665;18.1367
6.70763e+06;88.4902;17.8266
6.84515e+06;89.7761;18.1336
6.65014e+06;91.0237;17.7102
6.62791e+06;90.1804;17.6654
6.70939e+06;91.0735;17.8386
6.72639e+06;89.7564;17.8745
6.72888e+06;89.8836;17.8798
6.75277e+06;88.4231;17.9218
6.71805e+06;90.7377;17.8568
6.78438e+06;89.5348;17.9992
6.84621e+06;90.1434;18.136
6.83649e+06;89.4668;18.1141
6.75035e+06;90.1631;17.9256
6.72608e+06;91.7716;17.8738
6.61619e+06;89.4149;17.642
6.60749e+06;91.2841;17.6187
6.77624e+06;89.0065;17.9721
6.96851e+06;90.4405;18.4159
6.77596e+06;91.6022;17.9808
6.82102e+06;89.7264;18.0795
6.77221e+06;90.5108;17.9727
6.55428e+06;89.1525;17.5077
6.91012e+06;90.2466;18.2799
6.70622e+06;89.7475;17.832
6.73174e+06;90.8402;17.8858
6.70544e+06;90.1572;17.8303
6.82217e+06;89.9145;18.082
