sporuls;seuilHR;seuilTmoy
999193;88.1613;17.9847
977949;89.5403;17.7048
995240;89.6024;17.9303
1.00046e+06;90.0571;18.0025
644745;93.2391;17.9088
723822;90.9387;17.7997
1.00351e+06;88.6931;18.0457
1.00133e+06;88.466;18.0147
718917;90.2249;17.7154
722017;91.0155;17.7684
995624;88.4474;17.9355
986566;89.1206;17.815
748871;90.3992;18.2738
734656;90.1701;17.9952
744253;90.5701;18.1801
1.01639e+06;89.6668;18.2335
742429;90.2824;18.145
990051;89.7222;17.8608
737608;90.1496;18.0513
1.01882e+06;89.9611;18.2705
1.00226e+06;89.1297;18.028
992054;89.3638;17.8874
728233;91.1077;17.8775
1.01322e+06;89.1626;18.1858
718190;90.7982;17.703
729952;90.5203;17.9084
1.00014e+06;88.7554;17.998
1.0084e+06;88.9922;18.1161
738332;90.6558;18.0652
1.00994e+06;89.3698;18.1386
732598;90.2444;17.9567
1.01941e+06;89.3761;18.2796
740217;91.7194;18.2389
734688;91.6528;18.1286
740202;90.1225;18.1014
994325;89.5051;17.9179
1.00531e+06;89.6208;18.0715
1.00633e+06;89.994;18.086
1.00227e+06;89.8848;18.0281
1.00416e+06;88.8625;18.0549
1.01231e+06;89.7155;18.1722
721565;90.1394;17.7606
1.00924e+06;89.7881;18.1283
1.00825e+06;89.9545;18.1139
998468;89.773;17.9746
1.0064e+06;89.3544;18.0871
738307;90.4295;18.0647
990478;87.9884;17.8664
999504;89.5224;17.9891
1.00048e+06;90.0362;18.0028
972122;89.5424;17.6321
713112;91.6255;17.7308
734369;91.6162;18.1222
721884;90.679;17.7661
1.02008e+06;89.3411;18.2901
988330;88.8555;17.8381
990889;89.0462;17.8719
741713;91.8415;18.2828
740206;90.6055;18.1015
980082;89.3361;17.7317
728640;90.4486;17.8848
1.00994e+06;88.3529;18.1386
731565;90.9126;17.9378
731221;90.9183;17.9315
1.02035e+06;89.1233;18.2942
1.01864e+06;88.6634;18.2678
991925;90.005;17.8857
1.00547e+06;88.3778;18.0737
1.01219e+06;88.2458;18.1704
1.00858e+06;89.9785;18.1187
712420;91.3998;17.7189
1.00515e+06;89.3546;18.0691
1.00981e+06;88.8665;18.1367
987456;88.4902;17.8266
1.0096e+06;89.7761;18.1336
718614;91.0237;17.7102
715953;90.1804;17.6654
726043;91.0735;17.8386
991085;89.7564;17.8745
991483;89.8836;17.8798
994612;88.4231;17.9218
727073;90.7377;17.8568
1.00022e+06;89.5348;17.9992
741972;90.1434;18.136
1.00826e+06;89.4668;18.1141
730897;90.1631;17.9256
721242;91.7716;17.8738
972919;89.4149;17.642
706496;91.2841;17.6187
998287;89.0065;17.9721
755661;90.4405;18.4159
727055;91.6022;17.9808
1.00587e+06;89.7264;18.0795
733457;90.5108;17.9727
961860;89.1525;17.5077
749165;90.2466;18.2799
987862;89.7475;17.832
728698;90.8402;17.8858
725572;90.1572;17.8303
1.00605e+06;89.9145;18.082
