sporuls;seuilHR;seuilTmoy
3.5248e+06;88.1613;17.9847
3.48458e+06;89.5403;17.7048
3.51722e+06;89.6024;17.9303
3.52725e+06;90.0571;18.0025
3.5142e+06;93.2391;17.9088
3.4986e+06;90.9387;17.7997
3.53316e+06;88.6931;18.0457
3.52893e+06;88.466;18.0147
3.48618e+06;90.2249;17.7154
3.49404e+06;91.0155;17.7684
3.51795e+06;88.4474;17.9355
3.50082e+06;89.1206;17.815
3.56332e+06;90.3992;18.2738
3.52624e+06;90.1701;17.9952
3.55118e+06;90.5701;18.1801
3.55815e+06;89.6668;18.2335
3.54652e+06;90.2824;18.145
3.50738e+06;89.7222;17.8608
3.53395e+06;90.1496;18.0513
3.56291e+06;89.9611;18.2705
3.53074e+06;89.1297;18.028
3.51117e+06;89.3638;17.8874
3.50977e+06;91.1077;17.8775
3.55193e+06;89.1626;18.1858
3.48432e+06;90.7982;17.703
3.51414e+06;90.5203;17.9084
3.52662e+06;88.7554;17.998
3.54268e+06;88.9922;18.1161
3.53583e+06;90.6558;18.0652
3.54566e+06;89.3698;18.1386
3.52091e+06;90.2444;17.9567
3.56408e+06;89.3761;18.2796
3.55885e+06;91.7194;18.2389
3.54434e+06;91.6528;18.1286
3.54071e+06;90.1225;18.1014
3.51548e+06;89.5051;17.9179
3.53668e+06;89.6208;18.0715
3.53864e+06;89.994;18.086
3.53076e+06;89.8848;18.0281
3.53444e+06;88.8625;18.0549
3.55014e+06;89.7155;18.1722
3.49289e+06;90.1394;17.7606
3.54431e+06;89.7881;18.1283
3.54238e+06;89.9545;18.1139
3.52339e+06;89.773;17.9746
3.53878e+06;89.3544;18.0871
3.53577e+06;90.4295;18.0647
3.50819e+06;87.9884;17.8664
3.5254e+06;89.5224;17.9891
3.52729e+06;90.0362;18.0028
3.47351e+06;89.5424;17.6321
3.48848e+06;91.6255;17.7308
3.54349e+06;91.6162;18.1222
3.4937e+06;90.679;17.7661
3.56541e+06;89.3411;18.2901
3.50413e+06;88.8555;17.8381
3.50896e+06;89.0462;17.8719
3.56449e+06;91.8415;18.2828
3.54072e+06;90.6055;18.1015
3.48861e+06;89.3361;17.7317
3.5108e+06;90.4486;17.8848
3.54567e+06;88.3529;18.1386
3.51826e+06;90.9126;17.9378
3.51738e+06;90.9183;17.9315
3.56593e+06;89.1233;18.2942
3.56256e+06;88.6634;18.2678
3.51092e+06;90.005;17.8857
3.53698e+06;88.3778;18.0737
3.54991e+06;88.2458;18.1704
3.54302e+06;89.9785;18.1187
3.4867e+06;91.3998;17.7189
3.53636e+06;89.3546;18.0691
3.54542e+06;88.8665;18.1367
3.50249e+06;88.4902;17.8266
3.54501e+06;89.7761;18.1336
3.4854e+06;91.0237;17.7102
3.47861e+06;90.1804;17.6654
3.50421e+06;91.0735;17.8386
3.50934e+06;89.7564;17.8745
3.51009e+06;89.8836;17.8798
3.51602e+06;88.4231;17.9218
3.50682e+06;90.7377;17.8568
3.52679e+06;89.5348;17.9992
3.54533e+06;90.1434;18.136
3.54241e+06;89.4668;18.1141
3.51656e+06;90.1631;17.9256
3.50924e+06;91.7716;17.8738
3.47502e+06;89.4149;17.642
3.47143e+06;91.2841;17.6187
3.52304e+06;89.0065;17.9721
3.59139e+06;90.4405;18.4159
3.52426e+06;91.6022;17.9808
3.53776e+06;89.7264;18.0795
3.52313e+06;90.5108;17.9727
3.45376e+06;89.1525;17.5077
3.56411e+06;90.2466;18.2799
3.50325e+06;89.7475;17.832
3.51095e+06;90.8402;17.8858
3.50302e+06;90.1572;17.8303
3.5381e+06;89.9145;18.082
