sporuls;seuilHR;seuilTmoy
89.1892;88.1613;17.9847
81.5492;89.5403;17.7048
87.758;89.6024;17.9303
89.6488;90.0571;18.0025
14.1894;93.2391;17.9088
84.2104;90.9387;17.7997
90.7584;88.6931;18.0457
89.9646;88.466;18.0147
81.8499;90.2249;17.7154
83.3409;91.0155;17.7684
87.8969;88.4474;17.9355
-734614;89.1206;17.815
96.4209;90.3992;18.2738
89.4607;90.1701;17.9952
94.1411;90.5701;18.1801
95.4478;89.6668;18.2335
93.2628;90.2824;18.145
85.887;89.7222;17.8608
90.9022;90.1496;18.0513
96.3434;89.9611;18.2705
90.3047;89.1297;18.028
86.6083;89.3638;17.8874
86.3411;91.1077;17.8775
94.2815;89.1626;18.1858
81.5006;90.7982;17.703
-716947;90.5203;17.9084
89.5314;88.7554;17.998
92.5412;88.9922;18.1161
91.2563;90.6558;18.0652
93.1017;89.3698;18.1386
88.4584;90.2444;17.9567
96.5622;89.3761;18.2796
95.5785;91.7194;18.2389
92.8529;91.6528;18.1286
92.1713;90.1225;18.1014
87.4274;89.5051;17.9179
91.4152;89.6208;18.0715
91.7838;89.994;18.086
90.307;89.8848;18.0281
90.9939;88.8625;18.0549
93.9479;89.7155;18.1722
83.1228;90.1394;17.7606
92.8472;89.7881;18.1283
92.4863;89.9545;18.1139
88.9262;89.773;17.9746
91.8099;89.3544;18.0871
91.2437;90.4295;18.0647
86.0405;87.9884;17.8664
89.302;89.5224;17.9891
89.6568;90.0362;18.0028
79.4715;89.5424;17.6321
82.2854;91.6255;17.7308
92.6947;91.6162;18.1222
83.2768;90.679;17.7661
96.8137;89.3411;18.2901
85.2679;88.8555;17.8381
86.1884;89.0462;17.8719
96.6391;91.8415;18.2828
92.1734;90.6055;18.1015
82.3112;89.3361;17.7317
86.5383;90.4486;17.8848
93.103;88.3529;18.1386
87.9564;90.9126;17.9378
87.7897;90.9183;17.9315
96.912;89.1233;18.2942
96.2774;88.6634;18.2678
86.5617;90.005;17.8857
91.4723;88.3778;18.0737
93.9043;88.2458;18.1704
92.6068;89.9785;18.1187
81.9496;91.3998;17.7189
91.3546;89.3546;18.0691
93.0551;88.8665;18.1367
84.9539;88.4902;17.8266
92.9791;89.7761;18.1336
81.704;91.0237;17.7102
80.4269;90.1804;17.6654
85.2822;91.0735;17.8386
86.2592;89.7564;17.8745
86.4024;89.8836;17.8798
87.5312;88.4231;17.9218
85.7801;90.7377;17.8568
89.5628;89.5348;17.9992
93.0385;90.1434;18.136
92.4908;89.4668;18.1141
87.6323;90.1631;17.9256
86.2413;91.7716;17.8738
79.7553;89.4149;17.642
79.0833;91.2841;17.6187
88.8605;89.0065;17.9721
99.7876;90.4405;18.4159
89.088;91.6022;17.9808
91.6174;89.7264;18.0795
88.8766;90.5108;17.9727
75.8238;89.1525;17.5077
96.5674;90.2466;18.2799
85.0999;89.7475;17.832
86.5663;90.8402;17.8858
85.0548;90.1572;17.8303
91.6825;89.9145;18.082
