sporuls;seuilHR;seuilTmoy
-2.91086e+06;88.1613;17.9847
3.17628e+06;89.5403;17.7048
3.21679e+06;89.6024;17.9303
-977810;90.0571;18.0025
-2.99723e+06;93.2391;17.9088
-1.01619e+06;90.9387;17.7997
-969735;88.6931;18.0457
-975516;88.466;18.0147
-1.03236e+06;90.2249;17.7154
-1.02218e+06;91.0155;17.7684
-990407;88.4474;17.9355
-734699;89.1206;17.815
3.27656e+06;90.3992;18.2738
-979174;90.1701;17.9952
-944656;90.5701;18.1801
-934833;89.6668;18.2335
-951294;90.2824;18.145
-1.00456e+06;89.7222;17.8608
-968685;90.1496;18.0513
-927961;89.9611;18.2705
-973041;89.1297;18.028
-999507;89.3638;17.8874
-1.00138e+06;91.1077;17.8775
-943604;89.1626;18.1858
-1.03473e+06;90.7982;17.703
-717034;90.5203;17.9084
3.22872e+06;88.7554;17.998
3.24925e+06;88.9922;18.1161
3.24046e+06;90.6558;18.0652
3.2531e+06;89.3698;18.1386
3.22147e+06;90.2444;17.9567
3.27755e+06;89.3761;18.2796
3.27047e+06;91.7194;18.2389
3.25139e+06;91.6528;18.1286
3.24671e+06;90.1225;18.1014
3.2146e+06;89.5051;17.9179
3.24154e+06;89.6208;18.0715
3.24406e+06;89.994;18.086
3.23399e+06;89.8848;18.0281
3.23867e+06;88.8625;18.0549
3.25885e+06;89.7155;18.1722
3.18642e+06;90.1394;17.7606
3.25135e+06;89.7881;18.1283
3.01924e+06;89.9545;18.1139
3.22462e+06;89.773;17.9746
244257;89.3544;18.0871
0;90.4295;18.0647
3.20544e+06;87.9884;17.8664
0;89.5224;17.9891
3.22957e+06;90.0362;18.0028
3.16301e+06;89.5424;17.6321
3.18102e+06;91.6255;17.7308
3.2503e+06;91.6162;18.1222
1.8531e+06;90.679;17.7661
3.26895e+06;89.3411;18.2901
3.20037e+06;88.8555;17.8381
3.20641e+06;89.0462;17.8719
0;91.8415;18.2828
0;90.6055;18.1015
3.18118e+06;89.3361;17.7317
3.0732e+06;90.4486;17.8848
3.12002e+06;88.3529;18.1386
0;90.9126;17.9378
0;90.9183;17.9315
-2.82736e+06;89.1233;18.2942
0;88.6634;18.2678
-2.92229e+06;90.005;17.8857
0;88.3778;18.0737
-2.87465e+06;88.2458;18.1704
3.02014e+06;89.9785;18.1187
1.84317e+06;91.3998;17.7189
0;89.3546;18.0691
0;88.8665;18.1367
-2.93724e+06;88.4902;17.8266
0;89.7761;18.1336
221956;91.0237;17.7102
3.03145e+06;90.1804;17.6654
-2.94473e+06;91.0735;17.8386
-1.75661e+06;89.7564;17.8745
-2.92368e+06;89.8836;17.8798
0;88.4231;17.9218
-2.92779e+06;90.7377;17.8568
-977058;89.5348;17.9992
-2.88272e+06;90.1434;18.136
-1.14747e+06;89.4668;18.1141
0;90.1631;17.9256
0;91.7716;17.8738
-2.9782e+06;89.4149;17.642
0;91.2841;17.6187
0;89.0065;17.9721
-2.80014e+06;90.4405;18.4159
0;91.6022;17.9808
-2.87643e+06;89.7264;18.0795
217682;90.5108;17.9727
1.74955e+06;89.1525;17.5077
3.14582e+06;90.2466;18.2799
-2.93446e+06;89.7475;17.832
-2.40405e+06;90.8402;17.8858
0;90.1572;17.8303
0;89.9145;18.082
