sporuls;seuilHR;seuilTmoy
1.05885e+06;88.1613;17.9847
1.02246e+06;89.5403;17.7048
1.05189e+06;89.6024;17.9303
1.06111e+06;90.0571;18.0025
1.04914e+06;93.2391;17.9088
1.03496e+06;90.9387;17.7997
1.06659e+06;88.6931;18.0457
1.06267e+06;88.466;18.0147
1.02387e+06;90.2249;17.7154
1.03086e+06;91.0155;17.7684
1.05256e+06;88.4474;17.9355
1.03697e+06;89.1206;17.815
1.09511e+06;90.3992;18.2738
1.06018e+06;90.1701;17.9952
1.08348e+06;90.5701;18.1801
1.09014e+06;89.6668;18.2335
1.0791e+06;90.2824;18.145
1.04292e+06;89.7222;17.8608
1.06732e+06;90.1496;18.0513
1.09471e+06;89.9611;18.2705
1.06435e+06;89.1297;18.028
1.04637e+06;89.3638;17.8874
1.04509e+06;91.1077;17.8775
1.08419e+06;89.1626;18.1858
1.02223e+06;90.7982;17.703
1.04908e+06;90.5203;17.9084
1.06053e+06;88.7554;17.998
1.07548e+06;88.9922;18.1161
1.06907e+06;90.6558;18.0652
1.07829e+06;89.3698;18.1386
1.05528e+06;90.2444;17.9567
1.09584e+06;89.3761;18.2796
1.09081e+06;91.7194;18.2389
1.07704e+06;91.6528;18.1286
1.07363e+06;90.1225;18.1014
1.0503e+06;89.5051;17.9179
1.06986e+06;89.6208;18.0715
1.0717e+06;89.994;18.086
1.06436e+06;89.8848;18.0281
1.06777e+06;88.8625;18.0549
1.0825e+06;89.7155;18.1722
1.02983e+06;90.1394;17.7606
1.07701e+06;89.7881;18.1283
1.0752e+06;89.9545;18.1139
1.05756e+06;89.773;17.9746
1.07182e+06;89.3544;18.0871
1.06901e+06;90.4295;18.0647
1.04365e+06;87.9884;17.8664
1.0594e+06;89.5224;17.9891
1.06115e+06;90.0362;18.0028
1.0128e+06;89.5424;17.6321
1.0259e+06;91.6255;17.7308
1.07625e+06;91.6162;18.1222
1.03056e+06;90.679;17.7661
1.09713e+06;89.3411;18.2901
1.03997e+06;88.8555;17.8381
1.04436e+06;89.0462;17.8719
1.09623e+06;91.8415;18.2828
1.07364e+06;90.6055;18.1015
1.02603e+06;89.3361;17.7317
1.04603e+06;90.4486;17.8848
1.0783e+06;88.3529;18.1386
1.05285e+06;90.9126;17.9378
1.05204e+06;90.9183;17.9315
1.09763e+06;89.1233;18.2942
1.09438e+06;88.6634;18.2678
1.04615e+06;90.005;17.8857
1.07014e+06;88.3778;18.0737
1.08228e+06;88.2458;18.1704
1.07581e+06;89.9785;18.1187
1.02433e+06;91.3998;17.7189
1.06956e+06;89.3546;18.0691
1.07806e+06;88.8665;18.1367
1.03848e+06;88.4902;17.8266
1.07768e+06;89.7761;18.1336
1.02318e+06;91.0237;17.7102
1.01723e+06;90.1804;17.6654
1.04004e+06;91.0735;17.8386
1.0447e+06;89.7564;17.8745
1.04538e+06;89.8836;17.8798
1.0508e+06;88.4231;17.9218
1.04241e+06;90.7377;17.8568
1.06069e+06;89.5348;17.9992
1.07798e+06;90.1434;18.136
1.07522e+06;89.4668;18.1141
1.05129e+06;90.1631;17.9256
1.04461e+06;91.7716;17.8738
1.01412e+06;89.4149;17.642
1.011e+06;91.2841;17.6187
1.05724e+06;89.0065;17.9721
1.11547e+06;90.4405;18.4159
1.05835e+06;91.6022;17.9808
1.07087e+06;89.7264;18.0795
1.05732e+06;90.5108;17.9727
996048;89.1525;17.5077
1.09586e+06;90.2466;18.2799
1.03918e+06;89.7475;17.832
1.04617e+06;90.8402;17.8858
1.03896e+06;90.1572;17.8303
1.07119e+06;89.9145;18.082
