sporuls;seuilHR;seuilTmoy
-1.18647e+06;88.1613;17.9847
2.79393e+06;89.5403;17.7048
2.83443e+06;89.6024;17.9303
-776798;90.0571;18.0025
-1.35034e+06;93.2391;17.9088
-814358;90.9387;17.7997
-768898;88.6931;18.0457
-774554;88.466;18.0147
-830183;90.2249;17.7154
-820214;91.0155;17.7684
-789123;88.4474;17.9355
-734699;89.1206;17.815
2.89423e+06;90.3992;18.2738
-778133;90.1701;17.9952
-744365;90.5701;18.1801
-734758;89.6668;18.2335
-750859;90.2824;18.145
-802971;89.7222;17.8608
-767871;90.1496;18.0513
-728036;89.9611;18.2705
-772132;89.1297;18.028
-798029;89.3638;17.8874
-799863;91.1077;17.8775
-743335;89.1626;18.1858
-832506;90.7982;17.703
-717034;90.5203;17.9084
2.84636e+06;88.7554;17.998
2.86688e+06;88.9922;18.1161
2.85809e+06;90.6558;18.0652
2.87074e+06;89.3698;18.1386
2.83911e+06;90.2444;17.9567
2.89522e+06;89.3761;18.2796
2.88813e+06;91.7194;18.2389
2.86903e+06;91.6528;18.1286
2.86434e+06;90.1225;18.1014
2.83223e+06;89.5051;17.9179
2.85917e+06;89.6208;18.0715
2.86169e+06;89.994;18.086
2.85163e+06;89.8848;18.0281
2.8563e+06;88.8625;18.0549
2.87649e+06;89.7155;18.1722
2.80406e+06;90.1394;17.7606
2.86899e+06;89.7881;18.1283
2.67226e+06;89.9545;18.1139
2.84225e+06;89.773;17.9746
-573202;89.3544;18.0871
0;90.4295;18.0647
2.82307e+06;87.9884;17.8664
0;89.5224;17.9891
2.84721e+06;90.0362;18.0028
2.78066e+06;89.5424;17.6321
2.79866e+06;91.6255;17.7308
2.86793e+06;91.6162;18.1222
863066;90.679;17.7661
2.89637e+06;89.3411;18.2901
2.81801e+06;88.8555;17.8381
2.82405e+06;89.0462;17.8719
0;91.8415;18.2828
0;90.6055;18.1015
2.79882e+06;89.3361;17.7317
2.71683e+06;90.4486;17.8848
2.76365e+06;88.3529;18.1386
0;90.9126;17.9378
0;90.9183;17.9315
-1.22375e+06;89.1233;18.2942
0;88.6634;18.2678
-1.3059e+06;90.005;17.8857
0;88.3778;18.0737
-1.26137e+06;88.2458;18.1704
2.67316e+06;89.9785;18.1187
853132;91.3998;17.7189
0;89.3546;18.0691
0;88.8665;18.1367
-1.31563e+06;88.4902;17.8266
0;89.7761;18.1336
-786163;91.0237;17.7102
2.67509e+06;90.1804;17.6654
-1.215e+06;91.0735;17.8386
-2.46349e+06;89.7564;17.8745
-1.30708e+06;89.8836;17.8798
0;88.4231;17.9218
-1.30901e+06;90.7377;17.8568
-776162;89.5348;17.9992
-1.26817e+06;90.1434;18.136
-731394;89.4668;18.1141
0;90.1631;17.9256
0;91.7716;17.8738
-1.352e+06;89.4149;17.642
0;91.2841;17.6187
0;89.0065;17.9721
-1.2007e+06;90.4405;18.4159
0;91.6022;17.9808
-1.26533e+06;89.7264;18.0795
-599772;90.5108;17.9727
746996;89.1525;17.5077
2.78948e+06;90.2466;18.2799
-1.31418e+06;89.7475;17.832
-456008;90.8402;17.8858
0;90.1572;17.8303
0;89.9145;18.082
