sporuls;seuilHR;seuilTmoy
2.99231e+06;88.1613;17.9847
2.93794e+06;89.5403;17.7048
2.97843e+06;89.6024;17.9303
2.9911e+06;90.0571;18.0025
2.97464e+06;93.2391;17.9088
2.95515e+06;90.9387;17.7997
3.00292e+06;88.6931;18.0457
2.99755e+06;88.466;18.0147
2.93988e+06;90.2249;17.7154
2.94951e+06;91.0155;17.7684
2.98365e+06;88.4474;17.9355
2.22749e+06;89.1206;17.815
3.03734e+06;90.3992;18.2738
2.98983e+06;90.1701;17.9952
3.0216e+06;90.5701;18.1801
3.03061e+06;89.6668;18.2335
3.01565e+06;90.2824;18.145
2.9661e+06;89.7222;17.8608
2.99957e+06;90.1496;18.0513
3.03681e+06;89.9611;18.2705
2.99985e+06;89.1297;18.028
2.97513e+06;89.3638;17.8874
2.96908e+06;91.1077;17.8775
3.02691e+06;89.1626;18.1858
2.93763e+06;90.7982;17.703
2.25753e+06;90.5203;17.9084
2.99462e+06;88.7554;17.998
3.01505e+06;88.9922;18.1161
3.00197e+06;90.6558;18.0652
3.01888e+06;89.3698;18.1386
2.98309e+06;90.2444;17.9567
3.03832e+06;89.3761;18.2796
3.03152e+06;91.7194;18.2389
3.01284e+06;91.6528;18.1286
3.00819e+06;90.1225;18.1014
2.97624e+06;89.5051;17.9179
3.00305e+06;89.6208;18.0715
3.00556e+06;89.994;18.086
2.99555e+06;89.8848;18.0281
3.00452e+06;88.8625;18.0549
3.02027e+06;89.7155;18.1722
2.9481e+06;90.1394;17.7606
3.01281e+06;89.7881;18.1283
3.01034e+06;89.9545;18.1139
2.98623e+06;89.773;17.9746
3.01006e+06;89.3544;18.0871
3.00189e+06;90.4295;18.0647
2.97139e+06;87.9884;17.8664
2.98876e+06;89.5224;17.9891
2.99115e+06;90.0362;18.0028
2.92455e+06;89.5424;17.6321
2.94269e+06;91.6255;17.7308
3.01176e+06;91.6162;18.1222
2.9491e+06;90.679;17.7661
3.04442e+06;89.3411;18.2901
2.96633e+06;88.8555;17.8381
2.97236e+06;89.0462;17.8719
3.03885e+06;91.8415;18.2828
3.00821e+06;90.6055;18.1015
2.94712e+06;89.3361;17.7317
2.97038e+06;90.4486;17.8848
3.01889e+06;88.3529;18.1386
2.97975e+06;90.9126;17.9378
2.97864e+06;90.9183;17.9315
3.04511e+06;89.1233;18.2942
3.04071e+06;88.6634;18.2678
2.97053e+06;90.005;17.8857
3.00776e+06;88.3778;18.0737
3.02431e+06;88.2458;18.1704
3.01116e+06;89.9785;18.1187
2.94052e+06;91.3998;17.7189
3.00696e+06;89.3546;18.0691
3.01856e+06;88.8665;18.1367
2.96427e+06;88.4902;17.8266
3.01371e+06;89.7761;18.1336
2.93894e+06;91.0237;17.7102
2.9307e+06;90.1804;17.6654
2.96214e+06;91.0735;17.8386
2.96854e+06;89.7564;17.8745
2.96948e+06;89.8836;17.8798
2.98122e+06;88.4231;17.9218
2.9654e+06;90.7377;17.8568
2.99052e+06;89.5348;17.9992
3.01411e+06;90.1434;18.136
3.01037e+06;89.4668;18.1141
2.9776e+06;90.1631;17.9256
2.96842e+06;91.7716;17.8738
2.92638e+06;89.4149;17.642
2.92205e+06;91.2841;17.6187
2.99009e+06;89.0065;17.9721
3.06158e+06;90.4405;18.4159
2.98732e+06;91.6022;17.9808
3.00443e+06;89.7264;18.0795
2.98589e+06;90.5108;17.9727
2.90533e+06;89.1525;17.5077
3.03836e+06;90.2466;18.2799
2.96095e+06;89.7475;17.832
2.97056e+06;90.8402;17.8858
2.96065e+06;90.1572;17.8303
3.00487e+06;89.9145;18.082
