sporuls;seuilHR;seuilTmoy
208222;88.1613;17.9847
2.73278e+06;89.5403;17.7048
2.75985e+06;89.6024;17.9303
-1.69968e+06;90.0571;18.0025
167964;93.2391;17.9088
-1.74959e+06;90.9387;17.7997
-1.68916e+06;88.6931;18.0457
-1.69669e+06;88.466;18.0147
-1.77058e+06;90.2249;17.7154
-1.75736e+06;91.0155;17.7684
-1.71607e+06;88.4474;17.9355
-734699;89.1206;17.815
2.79962e+06;90.3992;18.2738
-1.70146e+06;90.1701;17.9952
-1.65614e+06;90.5701;18.1801
-1.64333e+06;89.6668;18.2335
-1.66504e+06;90.2824;18.145
-1.73447e+06;89.7222;17.8608
-1.68779e+06;90.1496;18.0513
-1.63415e+06;89.9611;18.2705
-1.69346e+06;89.1297;18.028
-1.72791e+06;89.3638;17.8874
-1.73034e+06;91.1077;17.8775
-1.65477e+06;89.1626;18.1858
-1.77366e+06;90.7982;17.703
-717034;90.5203;17.9084
2.76782e+06;88.7554;17.998
2.78153e+06;88.9922;18.1161
2.77565e+06;90.6558;18.0652
2.78408e+06;89.3698;18.1386
2.76297e+06;90.2444;17.9567
2.80028e+06;89.3761;18.2796
2.79561e+06;91.7194;18.2389
2.78294e+06;91.6528;18.1286
2.77983e+06;90.1225;18.1014
2.75838e+06;89.5051;17.9179
2.77638e+06;89.6208;18.0715
2.77806e+06;89.994;18.086
2.77134e+06;89.8848;18.0281
2.77446e+06;88.8625;18.0549
2.78792e+06;89.7155;18.1722
2.73955e+06;90.1394;17.7606
2.78291e+06;89.7881;18.1283
1.92049e+06;89.9545;18.1139
2.76508e+06;89.773;17.9746
3.5326e+06;89.3544;18.0871
0;90.4295;18.0647
2.75226e+06;87.9884;17.8664
0;89.5224;17.9891
2.76839e+06;90.0362;18.0028
2.7239e+06;89.5424;17.6321
2.73594e+06;91.6255;17.7308
2.78223e+06;91.6162;18.1222
3.19203e+06;90.679;17.7661
2.60746e+06;89.3411;18.2901
2.74887e+06;88.8555;17.8381
2.75291e+06;89.0462;17.8719
0;91.8415;18.2828
0;90.6055;18.1015
2.73605e+06;89.3361;17.7317
2.29844e+06;90.4486;17.8848
2.32576e+06;88.3529;18.1386
0;90.9126;17.9378
0;90.9183;17.9315
350304;89.1233;18.2942
0;88.6634;18.2678
271739;90.005;17.8857
0;88.3778;18.0737
318397;88.2458;18.1704
1.92094e+06;89.9785;18.1187
3.18196e+06;91.3998;17.7189
0;89.3546;18.0691
0;88.8665;18.1367
228841;88.4902;17.8266
0;89.7761;18.1336
2.65705e+06;91.0237;17.7102
2.27406e+06;90.1804;17.6654
173776;91.0735;17.8386
1.92885e+06;89.7564;17.8745
270321;89.8836;17.8798
0;88.4231;17.9218
247838;90.7377;17.8568
-1.69518e+06;89.5348;17.9992
310232;90.1434;18.136
-1.566e+06;89.4668;18.1141
0;90.1631;17.9256
0;91.7716;17.8738
196555;89.4149;17.642
0;91.2841;17.6187
0;89.0065;17.9721
377783;90.4405;18.4159
0;91.6022;17.9808
299976;89.7264;18.0795
3.50577e+06;90.5108;17.9727
4.2214e+06;89.1525;17.5077
2.34071e+06;90.2466;18.2799
237110;89.7475;17.832
-233229;90.8402;17.8858
0;90.1572;17.8303
0;89.9145;18.082
