sporuls;seuilHR;seuilTmoy
3.99986e+06;88.1613;17.9847
3.84663e+06;89.5403;17.7048
3.97063e+06;89.6024;17.9303
4.00943e+06;90.0571;18.0025
1.82158e+06;93.2391;17.9088
1.84913e+06;90.9387;17.7997
4.03222e+06;88.6931;18.0457
4.01584e+06;88.466;18.0147
1.82458e+06;90.2249;17.7154
1.84007e+06;91.0155;17.7684
3.97345e+06;88.4474;17.9355
3.90783e+06;89.1206;17.815
1.98033e+06;90.3992;18.2738
1.9047e+06;90.1701;17.9952
1.95534e+06;90.5701;18.1801
4.12978e+06;89.6668;18.2335
1.94586e+06;90.2824;18.145
3.9329e+06;89.7222;17.8608
1.92026e+06;90.1496;18.0513
4.14851e+06;89.9611;18.2705
4.02285e+06;89.1297;18.028
3.9474e+06;89.3638;17.8874
1.87148e+06;91.1077;17.8775
4.10525e+06;89.1626;18.1858
1.82096e+06;90.7982;17.703
1.88028e+06;90.5203;17.9084
4.00691e+06;88.7554;17.998
4.06914e+06;88.9922;18.1161
1.92408e+06;90.6558;18.0652
4.08079e+06;89.3698;18.1386
1.89393e+06;90.2444;17.9567
4.15309e+06;89.3761;18.2796
1.91538e+06;91.7194;18.2389
1.88635e+06;91.6528;18.1286
1.93399e+06;90.1225;18.1014
3.96394e+06;89.5051;17.9179
4.0458e+06;89.6208;18.0715
4.05344e+06;89.994;18.086
4.0229e+06;89.8848;18.0281
4.03709e+06;88.8625;18.0549
4.09828e+06;89.7155;18.1722
1.8378e+06;90.1394;17.7606
4.0755e+06;89.7881;18.1283
4.068e+06;89.9545;18.1139
3.99445e+06;89.773;17.9746
4.05398e+06;89.3544;18.0871
1.92395e+06;90.4295;18.0647
3.93598e+06;87.9884;17.8664
4.00218e+06;89.5224;17.9891
4.00959e+06;90.0362;18.0028
3.80573e+06;89.5424;17.6321
1.77667e+06;91.6255;17.7308
1.88466e+06;91.6162;18.1222
1.8394e+06;90.679;17.7661
4.15836e+06;89.3411;18.2901
3.92049e+06;88.8555;17.8381
3.93895e+06;89.0462;17.8719
1.92168e+06;91.8415;18.2828
1.93402e+06;90.6055;18.1015
3.86168e+06;89.3361;17.7317
1.87356e+06;90.4486;17.8848
4.08082e+06;88.3529;18.1386
1.88858e+06;90.9126;17.9378
1.88681e+06;90.9183;17.9315
4.16042e+06;89.1233;18.2942
4.14713e+06;88.6634;18.2678
3.94657e+06;90.005;17.8857
4.04699e+06;88.3778;18.0737
4.09737e+06;88.2458;18.1704
4.0705e+06;89.9785;18.1187
1.77327e+06;91.3998;17.7189
4.04455e+06;89.3546;18.0691
4.07982e+06;88.8665;18.1367
3.91422e+06;88.4902;17.8266
4.07824e+06;89.7761;18.1336
1.82307e+06;91.0237;17.7102
1.80987e+06;90.1804;17.6654
1.86035e+06;91.0735;17.8386
3.94038e+06;89.7564;17.8745
3.94326e+06;89.8836;17.8798
3.96604e+06;88.4231;17.9218
1.86558e+06;90.7377;17.8568
4.00755e+06;89.5348;17.9992
1.94342e+06;90.1434;18.136
4.06809e+06;89.4668;18.1141
1.88514e+06;90.1631;17.9256
1.81704e+06;91.7716;17.8738
3.81131e+06;89.4149;17.642
1.74434e+06;91.2841;17.6187
3.9931e+06;89.0065;17.9721
2.01742e+06;90.4405;18.4159
1.84658e+06;91.6022;17.9808
4.04999e+06;89.7264;18.0795
1.89841e+06;90.5108;17.9727
3.73437e+06;89.1525;17.5077
1.98193e+06;90.2466;18.2799
3.91713e+06;89.7475;17.832
1.87386e+06;90.8402;17.8858
1.85797e+06;90.1572;17.8303
4.05134e+06;89.9145;18.082
