sporuls;seuilHR;seuilTmoy
2.72599e+06;88.1613;17.9847
2.69991e+06;89.5403;17.7048
2.72111e+06;89.6024;17.9303
2.72757e+06;90.0571;18.0025
2.71916e+06;93.2391;17.9088
2.70903e+06;90.9387;17.7997
2.73135e+06;88.6931;18.0457
2.72865e+06;88.466;18.0147
2.70096e+06;90.2249;17.7154
2.70607e+06;91.0155;17.7684
2.72158e+06;88.4474;17.9355
2.71048e+06;89.1206;17.815
2.7504e+06;90.3992;18.2738
2.72692e+06;90.1701;17.9952
2.74286e+06;90.5701;18.1801
2.7472e+06;89.6668;18.2335
2.73982e+06;90.2824;18.145
2.71474e+06;89.7222;17.8608
2.73186e+06;90.1496;18.0513
2.75015e+06;89.9611;18.2705
2.72981e+06;89.1297;18.028
2.71719e+06;89.3638;17.8874
2.71628e+06;91.1077;17.8775
2.74333e+06;89.1626;18.1858
2.69974e+06;90.7982;17.703
2.71912e+06;90.5203;17.9084
2.72717e+06;88.7554;17.998
2.7374e+06;88.9922;18.1161
2.73306e+06;90.6558;18.0652
2.73928e+06;89.3698;18.1386
2.72349e+06;90.2444;17.9567
2.75109e+06;89.3761;18.2796
2.74763e+06;91.7194;18.2389
2.73844e+06;91.6528;18.1286
2.73616e+06;90.1225;18.1014
2.71998e+06;89.5051;17.9179
2.7336e+06;89.6208;18.0715
2.73487e+06;89.994;18.086
2.72981e+06;89.8848;18.0281
2.73217e+06;88.8625;18.0549
2.74221e+06;89.7155;18.1722
2.70533e+06;90.1394;17.7606
2.73843e+06;89.7881;18.1283
2.73722e+06;89.9545;18.1139
2.72509e+06;89.773;17.9746
2.73495e+06;89.3544;18.0871
2.73302e+06;90.4295;18.0647
2.71526e+06;87.9884;17.8664
2.72638e+06;89.5224;17.9891
2.72759e+06;90.0362;18.0028
2.69262e+06;89.5424;17.6321
2.70246e+06;91.6255;17.7308
2.73792e+06;91.6162;18.1222
2.70586e+06;90.679;17.7661
2.75191e+06;89.3411;18.2901
2.71263e+06;88.8555;17.8381
2.71576e+06;89.0462;17.8719
2.75134e+06;91.8415;18.2828
2.73617e+06;90.6055;18.1015
2.70255e+06;89.3361;17.7317
2.71695e+06;90.4486;17.8848
2.73928e+06;88.3529;18.1386
2.72178e+06;90.9126;17.9378
2.72121e+06;90.9183;17.9315
2.75223e+06;89.1233;18.2942
2.74993e+06;88.6634;18.2678
2.71703e+06;90.005;17.8857
2.73379e+06;88.3778;18.0737
2.74207e+06;88.2458;18.1704
2.73762e+06;89.9785;18.1187
2.7013e+06;91.3998;17.7189
2.73339e+06;89.3546;18.0691
2.73912e+06;88.8665;18.1367
2.71156e+06;88.4902;17.8266
2.73887e+06;89.7761;18.1336
2.70045e+06;91.0237;17.7102
2.69599e+06;90.1804;17.6654
2.71268e+06;91.0735;17.8386
2.71601e+06;89.7564;17.8745
2.71649e+06;89.8836;17.8798
2.72033e+06;88.4231;17.9218
2.71438e+06;90.7377;17.8568
2.72727e+06;89.5348;17.9992
2.73907e+06;90.1434;18.136
2.73723e+06;89.4668;18.1141
2.72068e+06;90.1631;17.9256
2.71594e+06;91.7716;17.8738
2.69362e+06;89.4149;17.642
2.69125e+06;91.2841;17.6187
2.72487e+06;89.0065;17.9721
2.76189e+06;90.4405;18.4159
2.72565e+06;91.6022;17.9808
2.73431e+06;89.7264;18.0795
2.72492e+06;90.5108;17.9727
2.67954e+06;89.1525;17.5077
2.75111e+06;90.2466;18.2799
2.71206e+06;89.7475;17.832
2.71705e+06;90.8402;17.8858
2.71191e+06;90.1572;17.8303
2.73453e+06;89.9145;18.082
