sporuls;seuilHR;seuilTmoy
5.3386e+06;88.1613;17.9847
5.27863e+06;89.5403;17.7048
5.32523e+06;89.6024;17.9303
5.34291e+06;90.0571;18.0025
5.3199e+06;93.2391;17.9088
5.29207e+06;90.9387;17.7997
5.35328e+06;88.6931;18.0457
5.34587e+06;88.466;18.0147
5.28151e+06;90.2249;17.7154
5.28895e+06;91.0155;17.7684
5.32652e+06;88.4474;17.9355
5.29606e+06;89.1206;17.815
5.40769e+06;90.3992;18.2738
5.34115e+06;90.1701;17.9952
5.38642e+06;90.5701;18.1801
5.39862e+06;89.6668;18.2335
5.37834e+06;90.2824;18.145
5.3078e+06;89.7222;17.8608
5.35461e+06;90.1496;18.0513
5.40697e+06;89.9611;18.2705
5.34905e+06;89.1297;18.028
5.31453e+06;89.3638;17.8874
5.31204e+06;91.1077;17.8775
5.38773e+06;89.1626;18.1858
5.27817e+06;90.7982;17.703
5.31979e+06;90.5203;17.9084
5.34181e+06;88.7554;17.998
5.37161e+06;88.9922;18.1161
5.35791e+06;90.6558;18.0652
5.37683e+06;89.3698;18.1386
5.33176e+06;90.2444;17.9567
5.41556e+06;89.3761;18.2796
5.39984e+06;91.7194;18.2389
5.37452e+06;91.6528;18.1286
5.36817e+06;90.1225;18.1014
5.32215e+06;89.5051;17.9179
5.35939e+06;89.6208;18.0715
5.36457e+06;89.994;18.086
5.34907e+06;89.8848;18.0281
5.35547e+06;88.8625;18.0549
5.38461e+06;89.7155;18.1722
5.28688e+06;90.1394;17.7606
5.37446e+06;89.7881;18.1283
5.3711e+06;89.9545;18.1139
5.33613e+06;89.773;17.9746
5.36481e+06;89.3544;18.0871
5.35779e+06;90.4295;18.0647
5.30923e+06;87.9884;17.8664
5.33966e+06;89.5224;17.9891
5.34299e+06;90.0362;18.0028
5.25865e+06;89.5424;17.6321
5.27891e+06;91.6255;17.7308
5.37304e+06;91.6162;18.1222
5.28834e+06;90.679;17.7661
5.4179e+06;89.3411;18.2901
5.30201e+06;88.8555;17.8381
5.31061e+06;89.0462;17.8719
5.41628e+06;91.8415;18.2828
5.36819e+06;90.6055;18.1015
5.27916e+06;89.3361;17.7317
5.31388e+06;90.4486;17.8848
5.37685e+06;88.3529;18.1386
5.32708e+06;90.9126;17.9378
5.32552e+06;90.9183;17.9315
5.41882e+06;89.1233;18.2942
5.40636e+06;88.6634;18.2678
5.3141e+06;90.005;17.8857
5.35992e+06;88.3778;18.0737
5.3842e+06;88.2458;18.1704
5.37222e+06;89.9785;18.1187
5.28247e+06;91.3998;17.7189
5.35883e+06;89.3546;18.0691
5.3764e+06;88.8665;18.1367
5.29906e+06;88.4902;17.8266
5.37569e+06;89.7761;18.1336
5.28012e+06;91.0237;17.7102
5.26785e+06;90.1804;17.6654
5.30214e+06;91.0735;17.8386
5.31127e+06;89.7564;17.8745
5.31261e+06;89.8836;17.8798
5.32312e+06;88.4231;17.9218
5.3068e+06;90.7377;17.8568
5.34211e+06;89.5348;17.9992
5.37624e+06;90.1434;18.136
5.37115e+06;89.4668;18.1141
5.32406e+06;90.1631;17.9256
5.31111e+06;91.7716;17.8738
5.26138e+06;89.4149;17.642
5.26406e+06;91.2841;17.6187
5.33552e+06;89.0065;17.9721
5.4471e+06;90.4405;18.4159
5.33765e+06;91.6022;17.9808
5.36302e+06;89.7264;18.0795
5.33567e+06;90.5108;17.9727
5.24397e+06;89.1525;17.5077
5.41561e+06;90.2466;18.2799
5.30043e+06;89.7475;17.832
5.31414e+06;90.8402;17.8858
5.30001e+06;90.1572;17.8303
5.36362e+06;89.9145;18.082
