sporuls;seuilHR;seuilTmoy
2.36186e+06;88.1613;17.9847
2.28994e+06;89.5403;17.7048
2.34815e+06;89.6024;17.9303
2.36849e+06;90.0571;18.0025
2.34533e+06;93.2391;17.9088
2.31785e+06;90.9387;17.7997
2.37705e+06;88.6931;18.0457
2.36936e+06;88.466;18.0147
2.29626e+06;90.2249;17.7154
2.30988e+06;91.0155;17.7684
2.34947e+06;88.4474;17.9355
2.31869e+06;89.1206;17.815
2.43366e+06;90.3992;18.2738
2.3667e+06;90.1701;17.9952
2.41135e+06;90.5701;18.1801
2.42309e+06;89.6668;18.2335
2.40301e+06;90.2824;18.145
2.33045e+06;89.7222;17.8608
2.3804e+06;90.1496;18.0513
2.4329e+06;89.9611;18.2705
2.37266e+06;89.1297;18.028
2.33726e+06;89.3638;17.8874
2.33749e+06;91.1077;17.8775
2.41135e+06;89.1626;18.1858
2.29308e+06;90.7982;17.703
2.34522e+06;90.5203;17.9084
2.36517e+06;88.7554;17.998
2.39438e+06;88.9922;18.1161
2.38377e+06;90.6558;18.0652
2.3999e+06;89.3698;18.1386
2.35722e+06;90.2444;17.9567
2.43409e+06;89.3761;18.2796
2.42549e+06;91.7194;18.2389
2.39908e+06;91.6528;18.1286
2.39251e+06;90.1225;18.1014
2.34501e+06;89.5051;17.9179
2.38342e+06;89.6208;18.0715
2.38881e+06;89.994;18.086
2.37474e+06;89.8848;18.0281
2.37933e+06;88.8625;18.0549
2.40807e+06;89.7155;18.1722
2.30788e+06;90.1394;17.7606
2.39742e+06;89.7881;18.1283
2.39552e+06;89.9545;18.1139
2.35932e+06;89.773;17.9746
2.38726e+06;89.3544;18.0871
2.38365e+06;90.4295;18.0647
2.3319e+06;87.9884;17.8664
2.36295e+06;89.5224;17.9891
2.36856e+06;90.0362;18.0028
2.27072e+06;89.5424;17.6321
2.30023e+06;91.6255;17.7308
2.39751e+06;91.6162;18.1222
2.30929e+06;90.679;17.7661
2.43658e+06;89.3411;18.2901
2.32463e+06;88.8555;17.8381
2.33329e+06;89.0462;17.8719
2.43577e+06;91.8415;18.2828
2.39253e+06;90.6055;18.1015
2.29702e+06;89.3361;17.7317
2.33932e+06;90.4486;17.8848
2.39992e+06;88.3529;18.1386
2.35252e+06;90.9126;17.9378
2.35096e+06;90.9183;17.9315
2.43755e+06;89.1233;18.2942
2.43128e+06;88.6634;18.2678
2.33954e+06;90.005;17.8857
2.38398e+06;88.3778;18.0737
2.40764e+06;88.2458;18.1704
2.39667e+06;89.9785;18.1187
2.29717e+06;91.3998;17.7189
2.38283e+06;89.3546;18.0691
2.39945e+06;88.8665;18.1367
2.32169e+06;88.4902;17.8266
2.39871e+06;89.7761;18.1336
2.29493e+06;91.0237;17.7102
2.28332e+06;90.1804;17.6654
2.32771e+06;91.0735;17.8386
2.33396e+06;89.7564;17.8745
2.33806e+06;89.8836;17.8798
2.346e+06;88.4231;17.9218
2.3323e+06;90.7377;17.8568
2.36547e+06;89.5348;17.9992
2.40086e+06;90.1434;18.136
2.39389e+06;89.4668;18.1141
2.34949e+06;90.1631;17.9256
2.33657e+06;91.7716;17.8738
2.27334e+06;89.4149;17.642
2.27113e+06;91.2841;17.6187
2.35869e+06;89.0065;17.9721
2.46674e+06;90.4405;18.4159
2.36316e+06;91.6022;17.9808
2.38539e+06;89.7264;18.0795
2.36116e+06;90.5108;17.9727
2.2372e+06;89.1525;17.5077
2.43508e+06;90.2466;18.2799
2.32306e+06;89.7475;17.832
2.33958e+06;90.8402;17.8858
2.32561e+06;90.1572;17.8303
2.38784e+06;89.9145;18.082
