sporuls;seuilHR;seuilTmoy
1.80451e+06;88.1613;17.9847
1.76074e+06;89.5403;17.7048
1.79568e+06;89.6024;17.9303
1.72785e+06;90.0571;18.0025
1.79239e+06;93.2391;17.9088
1.63205e+06;90.9387;17.7997
1.74848e+06;88.6931;18.0457
1.73411e+06;88.466;18.0147
1.59153e+06;90.2249;17.7154
1.61707e+06;91.0155;17.7684
1.69702e+06;88.4474;17.9355
1.04379e+06;89.1206;17.815
1.84683e+06;90.3992;18.2738
1.72446e+06;90.1701;17.9952
1.81e+06;90.5701;18.1801
1.83425e+06;89.6668;18.2335
1.79371e+06;90.2824;18.145
1.66116e+06;89.7222;17.8608
1.75054e+06;90.1496;18.0513
1.85116e+06;89.9611;18.2705
1.74027e+06;89.1297;18.028
1.67431e+06;89.3638;17.8874
1.66909e+06;91.1077;17.8775
1.81317e+06;89.1626;18.1858
1.58557e+06;90.7982;17.703
1.07531e+06;90.5203;17.9084
1.80651e+06;88.7554;17.998
1.82422e+06;88.9922;18.1161
1.81607e+06;90.6558;18.0652
1.82755e+06;89.3698;18.1386
1.79971e+06;90.2444;17.9567
1.84768e+06;89.3761;18.2796
1.84174e+06;91.7194;18.2389
1.8255e+06;91.6528;18.1286
1.82147e+06;90.1225;18.1014
1.79379e+06;89.5051;17.9179
1.81701e+06;89.6208;18.0715
1.81918e+06;89.994;18.086
1.8105e+06;89.8848;18.0281
1.81509e+06;88.8625;18.0549
1.83196e+06;89.7155;18.1722
1.76949e+06;90.1394;17.7606
1.82547e+06;89.7881;18.1283
1.82333e+06;89.9545;18.1139
1.80243e+06;89.773;17.9746
1.81989e+06;89.3544;18.0871
1.816e+06;90.4295;18.0647
1.78643e+06;87.9884;17.8664
1.80462e+06;89.5224;17.9891
1.80669e+06;90.0362;18.0028
1.74927e+06;89.5424;17.6321
1.76483e+06;91.6255;17.7308
1.82456e+06;91.6162;18.1222
1.77035e+06;90.679;17.7661
1.84979e+06;89.3411;18.2901
1.78205e+06;88.8555;17.8381
1.78727e+06;89.0462;17.8719
1.84814e+06;91.8415;18.2828
1.82148e+06;90.6055;18.1015
1.76549e+06;89.3361;17.7317
1.78872e+06;90.4486;17.8848
1.82756e+06;88.3529;18.1386
1.79682e+06;90.9126;17.9378
1.79586e+06;90.9183;17.9315
1.85038e+06;89.1233;18.2942
1.84655e+06;88.6634;18.2678
1.78885e+06;90.005;17.8857
1.8179e+06;88.3778;18.0737
1.83227e+06;88.2458;18.1704
1.82404e+06;89.9785;18.1187
1.76296e+06;91.3998;17.7189
1.81721e+06;89.3546;18.0691
1.82727e+06;88.8665;18.1367
1.78028e+06;88.4902;17.8266
1.82625e+06;89.7761;18.1336
1.7616e+06;91.0237;17.7102
1.75453e+06;90.1804;17.6654
1.7816e+06;91.0735;17.8386
1.78713e+06;89.7564;17.8745
1.78795e+06;89.8836;17.8798
1.79492e+06;88.4231;17.9218
1.78442e+06;90.7377;17.8568
1.7298e+06;89.5348;17.9992
1.82661e+06;90.1434;18.136
1.81081e+06;89.4668;18.1141
1.79496e+06;90.1631;17.9256
1.78703e+06;91.7716;17.8738
1.75083e+06;89.4149;17.642
1.74713e+06;91.2841;17.6187
1.80259e+06;89.0065;17.9721
1.86841e+06;90.4405;18.4159
1.80337e+06;91.6022;17.9808
1.8182e+06;89.7264;18.0795
1.80214e+06;90.5108;17.9727
1.72975e+06;89.1525;17.5077
1.84771e+06;90.2466;18.2799
1.78058e+06;89.7475;17.832
1.9342e+06;90.8402;17.8858
1.78032e+06;90.1572;17.8303
1.81858e+06;89.9145;18.082
