sporuls;seuilHR;seuilTmoy
14778.5;88.1613;17.9847
9810.24;89.5403;17.7048
9896.05;89.6024;17.9303
9922.94;90.0571;18.0025
9888.02;93.2391;17.9088
9846.71;90.9387;17.7997
14812;88.6931;18.0457
14795;88.466;18.0147
9814.36;90.2249;17.7154
9834.76;91.0155;17.7684
14751.1;88.4474;17.9355
-720015;89.1206;17.815
10021.2;90.3992;18.2738
9920.24;90.1701;17.9952
9987.76;90.5701;18.1801
10006.9;89.6668;18.2335
9975.12;90.2824;18.145
9869.9;89.7222;17.8608
9940.95;90.1496;18.0513
10020.1;89.9611;18.2705
14802.3;89.1297;18.028
14724.2;89.3638;17.8874
9876.22;91.1077;17.8775
14887.9;89.1626;18.1858
9809.57;90.7982;17.703
-707147;90.5203;17.9084
14785.8;88.7554;17.998
14850.4;88.9922;18.1161
9946.05;90.6558;18.0652
14862.6;89.3698;18.1386
9905.94;90.2444;17.9567
10023.3;89.3761;18.2796
10008.8;91.7194;18.2389
9969.15;91.6528;18.1286
9959.27;90.1225;18.1014
9891.41;89.5051;17.9179
9948.34;89.6208;18.0715
9953.67;89.994;18.086
9932.4;89.8848;18.0281
14817.1;88.8625;18.0549
9984.93;89.7155;18.1722
9831.77;90.1394;17.7606
9969.07;89.7881;18.1283
9963.83;89.9545;18.1139
9912.59;89.773;17.9746
14834.6;89.3544;18.0871
9945.87;90.4295;18.0647
14712.4;87.9884;17.8664
9917.97;89.5224;17.9891
9923.05;90.0362;18.0028
9781.75;89.5424;17.6321
9820.31;91.6255;17.7308
9966.86;91.6162;18.1222
9833.88;90.679;17.7661
14943.3;89.3411;18.2901
14696.4;88.8555;17.8381
14715.5;89.0462;17.8719
10024.4;91.8415;18.2828
9959.3;90.6055;18.1015
14635.9;89.3361;17.7317
9878.97;90.4486;17.8848
14862.6;88.3529;18.1386
9898.85;90.9126;17.9378
9896.5;90.9183;17.9315
14945.5;89.1233;18.2942
14931.6;88.6634;18.2678
9879.3;90.005;17.8857
14827.4;88.3778;18.0737
14879.7;88.2458;18.1704
9965.58;89.9785;18.1187
9815.73;91.3998;17.7189
14824.8;89.3546;18.0691
14861.5;88.8665;18.1367
14690;88.4902;17.8266
9970.99;89.7761;18.1336
9812.36;91.0237;17.7102
9794.85;90.1804;17.6654
9861.51;91.0735;17.8386
9875.08;89.7564;17.8745
9877.07;89.8836;17.8798
14743.5;88.4231;17.9218
9868.42;90.7377;17.8568
9921.71;89.5348;17.9992
9971.85;90.1434;18.136
9963.9;89.4668;18.1141
9894.29;90.1631;17.9256
9874.83;91.7716;17.8738
9785.64;89.4149;17.642
9776.43;91.2841;17.6187
14771.5;89.0065;17.9721
10073.3;90.4405;18.4159
9914.91;91.6022;17.9808
9951.26;89.7264;18.0795
9911.88;90.5108;17.9727
14503.5;89.1525;17.5077
10023.4;90.2466;18.2799
9858.99;89.7475;17.832
9879.36;90.8402;17.8858
9858.36;90.1572;17.8303
9952.2;89.9145;18.082
