sporuls;seuilHR;seuilTmoy
48567.1;88.1613;17.9847
27921;89.5403;17.7048
44605.4;89.6024;17.9303
49853.3;90.0571;18.0025
43038.6;93.2391;17.9088
34997.9;90.9387;17.7997
52969.1;88.6931;18.0457
50738.7;88.466;18.0147
28715.9;90.2249;17.7154
32674.9;91.0155;17.7684
44986.9;88.4474;17.9355
36134.5;89.1206;17.815
69225.5;90.3992;18.2738
49326.6;90.1701;17.9952
62629;90.5701;18.1801
66388.3;89.6668;18.2335
60067.2;90.2824;18.145
39509.8;89.7222;17.8608
53374.2;90.1496;18.0513
69001.9;89.9611;18.2705
51693.4;89.1297;18.028
41465.9;89.3638;17.8874
40740.2;91.1077;17.8775
63032.3;89.1626;18.1858
27792.6;90.7982;17.703
43006.7;90.5203;17.9084
49524.5;88.7554;17.998
58010.8;88.9922;18.1161
54372.3;90.6558;18.0652
59607.1;89.3698;18.1386
46534.1;90.2444;17.9567
69633.5;89.3761;18.2796
66765;91.7194;18.2389
58897.6;91.6528;18.1286
56960.7;90.1225;18.1014
43699.8;89.5051;17.9179
54821.1;89.6208;18.0715
55863.1;89.994;18.086
51699.9;89.8848;18.0281
53632.4;88.8625;18.0549
61992.1;89.7155;18.1722
32094.1;90.1394;17.7606
58881.5;89.7881;18.1283
57854.9;89.9545;18.1139
47831.9;89.773;17.9746
55936.9;89.3544;18.0871
54336.8;90.4295;18.0647
39925.3;87.9884;17.8664
48882.4;89.5224;17.9891
49875.6;90.0362;18.0028
22457.7;89.5424;17.6321
29869.2;91.6255;17.7308
58447.5;91.6162;18.1222
32504.3;90.679;17.7661
70360.3;89.3411;18.2901
37838.4;88.8555;17.8381
40326.1;89.0462;17.8719
69855.7;91.8415;18.2828
56966.7;90.6055;18.1015
29937.8;89.3361;17.7317
41275.6;90.4486;17.8848
59610.6;88.3529;18.1386
45150.5;90.9126;17.9378
44692.4;90.9183;17.9315
70644.7;89.1233;18.2942
68811.5;88.6634;18.2678
41339.3;90.005;17.8857
54982.5;88.3778;18.0737
61867.1;88.2458;18.1704
58197.2;89.9785;18.1187
28979.9;91.3998;17.7189
54649.8;89.3546;18.0691
59474.1;88.8665;18.1367
36993;88.4902;17.8266
59257.3;89.7761;18.1336
28330.1;91.0237;17.7102
24963.7;90.1804;17.6654
37877;91.0735;17.8386
40518;89.7564;17.8745
40906.5;89.8836;17.8798
43983.8;88.4231;17.9218
39220.8;90.7377;17.8568
49612.4;89.5348;17.9992
59426.8;90.1434;18.136
57867.5;89.4668;18.1141
44260.9;90.1631;17.9256
40469.5;91.7716;17.8738
23201.1;89.4149;17.642
21442.2;91.2841;17.6187
47649;89.0065;17.9721
79022.2;90.4405;18.4159
48284.1;91.6022;17.9808
55392.4;89.7264;18.0795
47693.7;90.5108;17.9727
12994.5;89.1525;17.5077
69648.6;90.2466;18.2799
37385.9;89.7475;17.832
41351.7;90.8402;17.8858
37264.6;90.1572;17.8303
55576.4;89.9145;18.082
