sporuls;seuilHR;seuilTmoy
2.82318e+06;88.1613;17.9847
2.78723e+06;89.5403;17.7048
2.81636e+06;89.6024;17.9303
2.8254e+06;90.0571;18.0025
2.81365e+06;93.2391;17.9088
2.79969e+06;90.9387;17.7997
2.83075e+06;88.6931;18.0457
2.82692e+06;88.466;18.0147
2.78864e+06;90.2249;17.7154
2.79563e+06;91.0155;17.7684
2.81702e+06;88.4474;17.9355
2.80167e+06;89.1206;17.815
2.85842e+06;90.3992;18.2738
2.82449e+06;90.1701;17.9952
2.84719e+06;90.5701;18.1801
2.85362e+06;89.6668;18.2335
2.84295e+06;90.2824;18.145
2.80754e+06;89.7222;17.8608
2.83147e+06;90.1496;18.0513
2.85804e+06;89.9611;18.2705
2.82856e+06;89.1297;18.028
2.81093e+06;89.3638;17.8874
2.80967e+06;91.1077;17.8775
2.84788e+06;89.1626;18.1858
2.787e+06;90.7982;17.703
2.8136e+06;90.5203;17.9084
2.82483e+06;88.7554;17.998
2.83942e+06;88.9922;18.1161
2.83318e+06;90.6558;18.0652
2.84216e+06;89.3698;18.1386
2.81968e+06;90.2444;17.9567
2.85912e+06;89.3761;18.2796
2.85426e+06;91.7194;18.2389
2.84094e+06;91.6528;18.1286
2.83762e+06;90.1225;18.1014
2.8148e+06;89.5051;17.9179
2.83395e+06;89.6208;18.0715
2.83574e+06;89.994;18.086
2.82857e+06;89.8848;18.0281
2.83191e+06;88.8625;18.0549
2.84624e+06;89.7155;18.1722
2.79461e+06;90.1394;17.7606
2.84091e+06;89.7881;18.1283
2.83916e+06;89.9545;18.1139
2.82192e+06;89.773;17.9746
2.83587e+06;89.3544;18.0871
2.83312e+06;90.4295;18.0647
2.80826e+06;87.9884;17.8664
2.82373e+06;89.5224;17.9891
2.82544e+06;90.0362;18.0028
2.77749e+06;89.5424;17.6321
2.79068e+06;91.6255;17.7308
2.84017e+06;91.6162;18.1222
2.79533e+06;90.679;17.7661
2.86036e+06;89.3411;18.2901
2.80463e+06;88.8555;17.8381
2.80895e+06;89.0462;17.8719
2.8595e+06;91.8415;18.2828
2.83763e+06;90.6055;18.1015
2.79081e+06;89.3361;17.7317
2.8106e+06;90.4486;17.8848
2.84216e+06;88.3529;18.1386
2.8173e+06;90.9126;17.9378
2.81651e+06;90.9183;17.9315
2.86084e+06;89.1233;18.2942
2.85771e+06;88.6634;18.2678
2.81071e+06;90.005;17.8857
2.83423e+06;88.3778;18.0737
2.84603e+06;88.2458;18.1704
2.83974e+06;89.9785;18.1187
2.78911e+06;91.3998;17.7189
2.83366e+06;89.3546;18.0691
2.84193e+06;88.8665;18.1367
2.80316e+06;88.4902;17.8266
2.84156e+06;89.7761;18.1336
2.78796e+06;91.0237;17.7102
2.78197e+06;90.1804;17.6654
2.8047e+06;91.0735;17.8386
2.80929e+06;89.7564;17.8745
2.80996e+06;89.8836;17.8798
2.81529e+06;88.4231;17.9218
2.80704e+06;90.7377;17.8568
2.82498e+06;89.5348;17.9992
2.84185e+06;90.1434;18.136
2.83918e+06;89.4668;18.1141
2.81577e+06;90.1631;17.9256
2.8092e+06;91.7716;17.8738
2.77882e+06;89.4149;17.642
2.77567e+06;91.2841;17.6187
2.8216e+06;89.0065;17.9721
2.88434e+06;90.4405;18.4159
2.8227e+06;91.6022;17.9808
2.83493e+06;89.7264;18.0795
2.82168e+06;90.5108;17.9727
2.76043e+06;89.1525;17.5077
2.85914e+06;90.2466;18.2799
2.80385e+06;89.7475;17.832
2.81073e+06;90.8402;17.8858
2.80364e+06;90.1572;17.8303
2.83525e+06;89.9145;18.082
