sporuls;seuilHR;seuilTmoy
4.38903e+06;88.1613;17.9847
4.35531e+06;89.5403;17.7048
4.38273e+06;89.6024;17.9303
4.39106e+06;90.0571;18.0025
4.38021e+06;93.2391;17.9088
4.36713e+06;90.9387;17.7997
4.39593e+06;88.6931;18.0457
4.39245e+06;88.466;18.0147
4.35667e+06;90.2249;17.7154
4.3633e+06;91.0155;17.7684
4.38334e+06;88.4474;17.9355
4.369e+06;89.1206;17.815
4.42035e+06;90.3992;18.2738
4.39023e+06;90.1701;17.9952
4.41071e+06;90.5701;18.1801
4.41627e+06;89.6668;18.2335
4.40682e+06;90.2824;18.145
4.37451e+06;89.7222;17.8608
4.39659e+06;90.1496;18.0513
4.42003e+06;89.9611;18.2705
4.39394e+06;89.1297;18.028
4.37768e+06;89.3638;17.8874
4.3765e+06;91.1077;17.8775
4.41131e+06;89.1626;18.1858
4.35509e+06;90.7982;17.703
4.38016e+06;90.5203;17.9084
4.39054e+06;88.7554;17.998
4.40372e+06;88.9922;18.1161
4.39813e+06;90.6558;18.0652
4.40613e+06;89.3698;18.1386
4.38581e+06;90.2444;17.9567
4.42125e+06;89.3761;18.2796
4.41682e+06;91.7194;18.2389
4.40506e+06;91.6528;18.1286
4.40213e+06;90.1225;18.1014
4.38128e+06;89.5051;17.9179
4.39882e+06;89.6208;18.0715
4.40046e+06;89.994;18.086
4.39395e+06;89.8848;18.0281
4.39699e+06;88.8625;18.0549
4.40989e+06;89.7155;18.1722
4.36234e+06;90.1394;17.7606
4.40504e+06;89.7881;18.1283
4.40348e+06;89.9545;18.1139
4.38787e+06;89.773;17.9746
4.40057e+06;89.3544;18.0871
4.39808e+06;90.4295;18.0647
4.37518e+06;87.9884;17.8664
4.38953e+06;89.5224;17.9891
4.39109e+06;90.0362;18.0028
4.34581e+06;89.5424;17.6321
4.35862e+06;91.6255;17.7308
4.40438e+06;91.6162;18.1222
4.36302e+06;90.679;17.7661
4.42228e+06;89.3411;18.2901
4.37179e+06;88.8555;17.8381
4.37583e+06;89.0462;17.8719
4.42156e+06;91.8415;18.2828
4.40214e+06;90.6055;18.1015
4.35874e+06;89.3361;17.7317
4.37737e+06;90.4486;17.8848
4.40614e+06;88.3529;18.1386
4.3836e+06;90.9126;17.9378
4.38287e+06;90.9183;17.9315
4.42269e+06;89.1233;18.2942
4.41975e+06;88.6634;18.2678
4.37747e+06;90.005;17.8857
4.39907e+06;88.3778;18.0737
4.4097e+06;88.2458;18.1704
4.404e+06;89.9785;18.1187
4.35712e+06;91.3998;17.7189
4.39856e+06;89.3546;18.0691
4.40593e+06;88.8665;18.1367
4.3704e+06;88.4902;17.8266
4.4056e+06;89.7761;18.1336
4.35601e+06;91.0237;17.7102
4.35021e+06;90.1804;17.6654
4.37185e+06;91.0735;17.8386
4.37614e+06;89.7564;17.8745
4.37677e+06;89.8836;17.8798
4.38173e+06;88.4231;17.9218
4.37404e+06;90.7377;17.8568
4.39068e+06;89.5348;17.9992
4.40586e+06;90.1434;18.136
4.4035e+06;89.4668;18.1141
4.38218e+06;90.1631;17.9256
4.37607e+06;91.7716;17.8738
4.34712e+06;89.4149;17.642
4.34401e+06;91.2841;17.6187
4.38758e+06;89.0065;17.9721
4.43496e+06;90.4405;18.4159
4.38858e+06;91.6022;17.9808
4.39974e+06;89.7264;18.0795
4.38765e+06;90.5108;17.9727
4.32867e+06;89.1525;17.5077
4.42127e+06;90.2466;18.2799
4.37105e+06;89.7475;17.832
4.37749e+06;90.8402;17.8858
4.37085e+06;90.1572;17.8303
4.40002e+06;89.9145;18.082
