sporuls;seuilHR;seuilTmoy
2.54005e+06;88.1613;17.9847
2.50868e+06;89.5403;17.7048
2.53407e+06;89.6024;17.9303
2.54199e+06;90.0571;18.0025
2.53171e+06;93.2391;17.9088
2.51951e+06;90.9387;17.7997
2.54669e+06;88.6931;18.0457
2.54332e+06;88.466;18.0147
2.5099e+06;90.2249;17.7154
2.51597e+06;91.0155;17.7684
2.53465e+06;88.4474;17.9355
2.52124e+06;89.1206;17.815
2.57106e+06;90.3992;18.2738
2.54119e+06;90.1701;17.9952
2.56115e+06;90.5701;18.1801
2.56682e+06;89.6668;18.2335
2.55741e+06;90.2824;18.145
2.52636e+06;89.7222;17.8608
2.54732e+06;90.1496;18.0513
2.57072e+06;89.9611;18.2705
2.54476e+06;89.1297;18.028
2.52933e+06;89.3638;17.8874
2.52823e+06;91.1077;17.8775
2.56176e+06;89.1626;18.1858
2.50848e+06;90.7982;17.703
2.53166e+06;90.5203;17.9084
2.54149e+06;88.7554;17.998
2.55431e+06;88.9922;18.1161
2.54882e+06;90.6558;18.0652
2.55671e+06;89.3698;18.1386
2.53698e+06;90.2444;17.9567
2.57168e+06;89.3761;18.2796
2.56739e+06;91.7194;18.2389
2.55564e+06;91.6528;18.1286
2.55272e+06;90.1225;18.1014
2.53271e+06;89.5051;17.9179
2.5495e+06;89.6208;18.0715
2.55107e+06;89.994;18.086
2.54477e+06;89.8848;18.0281
2.5477e+06;88.8625;18.0549
2.56031e+06;89.7155;18.1722
2.51508e+06;90.1394;17.7606
2.55562e+06;89.7881;18.1283
2.55407e+06;89.9545;18.1139
2.53894e+06;89.773;17.9746
2.55118e+06;89.3544;18.0871
2.54877e+06;90.4295;18.0647
2.52699e+06;87.9884;17.8664
2.54052e+06;89.5224;17.9891
2.54202e+06;90.0362;18.0028
2.50024e+06;89.5424;17.6321
2.51168e+06;91.6255;17.7308
2.55497e+06;91.6162;18.1222
2.51571e+06;90.679;17.7661
2.57277e+06;89.3411;18.2901
2.52382e+06;88.8555;17.8381
2.5276e+06;89.0462;17.8719
2.57201e+06;91.8415;18.2828
2.55273e+06;90.6055;18.1015
2.51178e+06;89.3361;17.7317
2.52904e+06;90.4486;17.8848
2.55672e+06;88.3529;18.1386
2.53489e+06;90.9126;17.9378
2.5342e+06;90.9183;17.9315
2.5732e+06;89.1233;18.2942
2.57043e+06;88.6634;18.2678
2.52913e+06;90.005;17.8857
2.54974e+06;88.3778;18.0737
2.56012e+06;88.2458;18.1704
2.55459e+06;89.9785;18.1187
2.51031e+06;91.3998;17.7189
2.54924e+06;89.3546;18.0691
2.55651e+06;88.8665;18.1367
2.52254e+06;88.4902;17.8266
2.55619e+06;89.7761;18.1336
2.50931e+06;91.0237;17.7102
2.50412e+06;90.1804;17.6654
2.52388e+06;91.0735;17.8386
2.52789e+06;89.7564;17.8745
2.52848e+06;89.8836;17.8798
2.53313e+06;88.4231;17.9218
2.52592e+06;90.7377;17.8568
2.54162e+06;89.5348;17.9992
2.55644e+06;90.1434;18.136
2.55409e+06;89.4668;18.1141
2.53355e+06;90.1631;17.9256
2.52782e+06;91.7716;17.8738
2.50139e+06;89.4149;17.642
2.49867e+06;91.2841;17.6187
2.53866e+06;89.0065;17.9721
2.59414e+06;90.4405;18.4159
2.53962e+06;91.6022;17.9808
2.55036e+06;89.7264;18.0795
2.53873e+06;90.5108;17.9727
2.48552e+06;89.1525;17.5077
2.5717e+06;90.2466;18.2799
2.52314e+06;89.7475;17.832
2.52915e+06;90.8402;17.8858
2.52295e+06;90.1572;17.8303
2.55064e+06;89.9145;18.082
