sporuls;seuilHR;seuilTmoy
5.22128e+06;88.1613;17.9847
5.16459e+06;89.5403;17.7048
5.21058e+06;89.6024;17.9303
5.22427e+06;90.0571;18.0025
5.20512e+06;93.2391;17.9088
5.18392e+06;90.9387;17.7997
5.23304e+06;88.6931;18.0457
5.2271e+06;88.466;18.0147
5.16654e+06;90.2249;17.7154
5.1775e+06;91.0155;17.7684
5.21161e+06;88.4474;17.9355
5.1874e+06;89.1206;17.815
5.27462e+06;90.3992;18.2738
5.22286e+06;90.1701;17.9952
5.25783e+06;90.5701;18.1801
5.26806e+06;89.6668;18.2335
5.25124e+06;90.2824;18.145
5.19668e+06;89.7222;17.8608
5.23367e+06;90.1496;18.0513
5.27406e+06;89.9611;18.2705
5.22965e+06;89.1297;18.028
5.20203e+06;89.3638;17.8874
5.19966e+06;91.1077;17.8775
5.25942e+06;89.1626;18.1858
5.16393e+06;90.7982;17.703
5.20582e+06;90.5203;17.9084
5.22385e+06;88.7554;17.998
5.2464e+06;88.9922;18.1161
5.23631e+06;90.6558;18.0652
5.25057e+06;89.3698;18.1386
5.21536e+06;90.2444;17.9567
5.27659e+06;89.3761;18.2796
5.26726e+06;91.7194;18.2389
5.24713e+06;91.6528;18.1286
5.24314e+06;90.1225;18.1014
5.20812e+06;89.5051;17.9179
5.23798e+06;89.6208;18.0715
5.24027e+06;89.994;18.086
5.22966e+06;89.8848;18.0281
5.23484e+06;88.8625;18.0549
5.25694e+06;89.7155;18.1722
5.17589e+06;90.1394;17.7606
5.24868e+06;89.7881;18.1283
5.24548e+06;89.9545;18.1139
5.2193e+06;89.773;17.9746
5.24096e+06;89.3544;18.0871
5.23621e+06;90.4295;18.0647
5.19782e+06;87.9884;17.8664
5.22212e+06;89.5224;17.9891
5.22433e+06;90.0362;18.0028
5.14892e+06;89.5424;17.6321
5.16914e+06;91.6255;17.7308
5.24597e+06;91.6162;18.1222
5.17703e+06;90.679;17.7661
5.27842e+06;89.3411;18.2901
5.19209e+06;88.8555;17.8381
5.19892e+06;89.0462;17.8719
5.2753e+06;91.8415;18.2828
5.24316e+06;90.6055;18.1015
5.1702e+06;89.3361;17.7317
5.20112e+06;90.4486;17.8848
5.25058e+06;88.3529;18.1386
5.21163e+06;90.9126;17.9378
5.21039e+06;90.9183;17.9315
5.27914e+06;89.1233;18.2942
5.27417e+06;88.6634;18.2678
5.20129e+06;90.005;17.8857
5.23841e+06;88.3778;18.0737
5.25662e+06;88.2458;18.1704
5.24637e+06;89.9785;18.1187
5.16728e+06;91.3998;17.7189
5.23753e+06;89.3546;18.0691
5.25022e+06;88.8665;18.1367
5.18977e+06;88.4902;17.8266
5.24966e+06;89.7761;18.1336
5.16545e+06;91.0237;17.7102
5.15587e+06;90.1804;17.6654
5.19183e+06;91.0735;17.8386
5.19944e+06;89.7564;17.8745
5.2005e+06;89.8836;17.8798
5.20889e+06;88.4231;17.9218
5.19551e+06;90.7377;17.8568
5.22408e+06;89.5348;17.9992
5.24957e+06;90.1434;18.136
5.24603e+06;89.4668;18.1141
5.20922e+06;90.1631;17.9256
5.19817e+06;91.7716;17.8738
5.15107e+06;89.4149;17.642
5.14581e+06;91.2841;17.6187
5.2188e+06;89.0065;17.9721
5.29996e+06;90.4405;18.4159
5.21919e+06;91.6022;17.9808
5.23953e+06;89.7264;18.0795
5.21848e+06;90.5108;17.9727
5.12122e+06;89.1525;17.5077
5.27603e+06;90.2466;18.2799
5.19085e+06;89.7475;17.832
5.20132e+06;90.8402;17.8858
5.19015e+06;90.1572;17.8303
5.23952e+06;89.9145;18.082
