sporuls;seuilHR;seuilTmoy
1.01568e+06;88.1613;17.9847
0;89.5403;17.7048
0;89.6024;17.9303
-678350;90.0571;18.0025
943019;93.2391;17.9088
-731197;90.9387;17.7997
-667255;88.6931;18.0457
-675200;88.466;18.0147
-753522;90.2249;17.7154
-739455;91.0155;17.7684
-695668;88.4474;17.9355
-734699;89.1206;17.815
0;90.3992;18.2738
-680225;90.1701;17.9952
-632523;90.5701;18.1801
-619127;89.6668;18.2335
-641884;90.2824;18.145
-715153;89.7222;17.8608
-665814;90.1496;18.0513
-609510;89.9611;18.2705
-671793;89.1297;18.028
-708195;89.3638;17.8874
-710777;91.1077;17.8775
-631086;89.1626;18.1858
-756802;90.7982;17.703
-717034;90.5203;17.9084
0;88.7554;17.998
0;88.9922;18.1161
0;90.6558;18.0652
0;89.3698;18.1386
0;90.2444;17.9567
0;89.3761;18.2796
0;91.7194;18.2389
0;91.6528;18.1286
0;90.1225;18.1014
0;89.5051;17.9179
0;89.6208;18.0715
0;89.994;18.086
0;89.8848;18.0281
0;88.8625;18.0549
0;89.7155;18.1722
0;90.1394;17.7606
0;89.7881;18.1283
0;89.9545;18.1139
0;89.773;17.9746
3.71082e+06;89.3544;18.0871
0;90.4295;18.0647
0;87.9884;17.8664
0;89.5224;17.9891
0;90.0362;18.0028
0;89.5424;17.6321
0;91.6255;17.7308
0;91.6162;18.1222
2.02013e+06;90.679;17.7661
0;89.3411;18.2901
0;88.8555;17.8381
0;89.0462;17.8719
0;91.8415;18.2828
0;90.6055;18.1015
0;89.3361;17.7317
0;90.4486;17.8848
0;88.3529;18.1386
0;90.9126;17.9378
0;90.9183;17.9315
1.0966e+06;89.1233;18.2942
0;88.6634;18.2678
981250;90.005;17.8857
0;88.3778;18.0737
1.06412e+06;88.2458;18.1704
0;89.9785;18.1187
2.0135e+06;91.3998;17.7189
0;89.3546;18.0691
0;88.8665;18.1367
1.00277e+06;88.4902;17.8266
0;89.7761;18.1336
2.76626e+06;91.0237;17.7102
0;90.1804;17.6654
978851;91.0735;17.8386
2.14102e+06;89.7564;17.8745
979747;89.8836;17.8798
0;88.4231;17.9218
988585;90.7377;17.8568
-673403;89.5348;17.9992
1.05555e+06;90.1434;18.136
-542737;89.4668;18.1141
0;90.1631;17.9256
0;91.7716;17.8738
933982;89.4149;17.642
0;91.2841;17.6187
0;89.0065;17.9721
1.1252e+06;90.4405;18.4159
0;91.6022;17.9808
1.04377e+06;89.7264;18.0795
3.68249e+06;90.5108;17.9727
4.32892e+06;89.1525;17.5077
0;90.2466;18.2799
977291;89.7475;17.832
800950;90.8402;17.8858
0;90.1572;17.8303
0;89.9145;18.082
