sporuls;seuilHR;seuilTmoy
2.12147e+06;88.1613;17.9847
2.07602e+06;89.5403;17.7048
2.11281e+06;89.6024;17.9303
2.12428e+06;90.0571;18.0025
2.10937e+06;93.2391;17.9088
2.09169e+06;90.9387;17.7997
2.13107e+06;88.6931;18.0457
2.12621e+06;88.466;18.0147
2.07778e+06;90.2249;17.7154
2.08655e+06;91.0155;17.7684
2.11364e+06;88.4474;17.9355
2.09419e+06;89.1206;17.815
2.16634e+06;90.3992;18.2738
2.12313e+06;90.1701;17.9952
2.15189e+06;90.5701;18.1801
2.16029e+06;89.6668;18.2335
2.14653e+06;90.2824;18.145
2.10162e+06;89.7222;17.8608
2.13196e+06;90.1496;18.0513
2.16586e+06;89.9611;18.2705
2.12829e+06;89.1297;18.028
2.10592e+06;89.3638;17.8874
2.10433e+06;91.1077;17.8775
2.15276e+06;89.1626;18.1858
2.07573e+06;90.7982;17.703
2.1093e+06;90.5203;17.9084
2.12356e+06;88.7554;17.998
2.14202e+06;88.9922;18.1161
2.13413e+06;90.6558;18.0652
2.14554e+06;89.3698;18.1386
2.11703e+06;90.2444;17.9567
2.16722e+06;89.3761;18.2796
2.16111e+06;91.7194;18.2389
2.14401e+06;91.6528;18.1286
2.13975e+06;90.1225;18.1014
2.11082e+06;89.5051;17.9179
2.1351e+06;89.6208;18.0715
2.13737e+06;89.994;18.086
2.12831e+06;89.8848;18.0281
2.13252e+06;88.8625;18.0549
2.15069e+06;89.7155;18.1722
2.08527e+06;90.1394;17.7606
2.14397e+06;89.7881;18.1283
2.14169e+06;89.9545;18.1139
2.11987e+06;89.773;17.9746
2.13753e+06;89.3544;18.0871
2.13405e+06;90.4295;18.0647
2.10254e+06;87.9884;17.8664
2.12216e+06;89.5224;17.9891
2.12433e+06;90.0362;18.0028
2.06385e+06;89.5424;17.6321
2.08034e+06;91.6255;17.7308
2.14297e+06;91.6162;18.1222
2.08618e+06;90.679;17.7661
2.16879e+06;89.3411;18.2901
2.09795e+06;88.8555;17.8381
2.10342e+06;89.0462;17.8719
2.1677e+06;91.8415;18.2828
2.13976e+06;90.6055;18.1015
2.08049e+06;89.3361;17.7317
2.1055e+06;90.4486;17.8848
2.14555e+06;88.3529;18.1386
2.114e+06;90.9126;17.9378
2.113e+06;90.9183;17.9315
2.1694e+06;89.1233;18.2942
2.16545e+06;88.6634;18.2678
2.10564e+06;90.005;17.8857
2.13545e+06;88.3778;18.0737
2.15042e+06;88.2458;18.1704
2.14243e+06;89.9785;18.1187
2.07837e+06;91.3998;17.7189
2.13473e+06;89.3546;18.0691
2.14525e+06;88.8665;18.1367
2.09608e+06;88.4902;17.8266
2.14478e+06;89.7761;18.1336
2.07693e+06;91.0237;17.7102
2.06945e+06;90.1804;17.6654
2.09803e+06;91.0735;17.8386
2.10384e+06;89.7564;17.8745
2.10469e+06;89.8836;17.8798
2.11144e+06;88.4231;17.9218
2.10099e+06;90.7377;17.8568
2.12375e+06;89.5348;17.9992
2.14515e+06;90.1434;18.136
2.14171e+06;89.4668;18.1141
2.11205e+06;90.1631;17.9256
2.10373e+06;91.7716;17.8738
2.06551e+06;89.4149;17.642
2.06158e+06;91.2841;17.6187
2.11947e+06;89.0065;17.9721
2.18774e+06;90.4405;18.4159
2.12085e+06;91.6022;17.9808
2.13634e+06;89.7264;18.0795
2.11956e+06;90.5108;17.9727
2.0426e+06;89.1525;17.5077
2.16725e+06;90.2466;18.2799
2.09695e+06;89.7475;17.832
2.10567e+06;90.8402;17.8858
2.09668e+06;90.1572;17.8303
2.13674e+06;89.9145;18.082
