sporuls;seuilHR;seuilTmoy
-816602;88.1613;17.9847
4.04979e+06;89.5403;17.7048
4.0903e+06;89.6024;17.9303
-2.49299e+06;90.0571;18.0025
-865974;93.2391;17.9088
-2.5424e+06;90.9387;17.7997
-2.48256e+06;88.6931;18.0457
-2.49003e+06;88.466;18.0147
-2.56316e+06;90.2249;17.7154
-2.55008e+06;91.0155;17.7684
-2.50923e+06;88.4474;17.9355
-734699;89.1206;17.815
4.14989e+06;90.3992;18.2738
-2.49475e+06;90.1701;17.9952
-2.4499e+06;90.5701;18.1801
-2.43717e+06;89.6668;18.2335
-2.45866e+06;90.2824;18.145
-2.52744e+06;89.7222;17.8608
-2.48121e+06;90.1496;18.0513
-2.4281e+06;89.9611;18.2705
-2.48683e+06;89.1297;18.028
-2.52094e+06;89.3638;17.8874
-2.52335e+06;91.1077;17.8775
-2.44853e+06;89.1626;18.1858
-2.5662e+06;90.7982;17.703
-717034;90.5203;17.9084
4.10223e+06;88.7554;17.998
4.12275e+06;88.9922;18.1161
4.11396e+06;90.6558;18.0652
4.12658e+06;89.3698;18.1386
4.09498e+06;90.2444;17.9567
4.15088e+06;89.3761;18.2796
4.14387e+06;91.7194;18.2389
4.12487e+06;91.6528;18.1286
4.12022e+06;90.1225;18.1014
4.08811e+06;89.5051;17.9179
4.11505e+06;89.6208;18.0715
4.11757e+06;89.994;18.086
4.1075e+06;89.8848;18.0281
4.11217e+06;88.8625;18.0549
4.13233e+06;89.7155;18.1722
4.05993e+06;90.1394;17.7606
4.12483e+06;89.7881;18.1283
3.80912e+06;89.9545;18.1139
4.09813e+06;89.773;17.9746
3.26626e+06;89.3544;18.0871
0;90.4295;18.0647
4.07895e+06;87.9884;17.8664
0;89.5224;17.9891
4.10308e+06;90.0362;18.0028
4.03652e+06;89.5424;17.6321
4.05452e+06;91.6255;17.7308
4.12381e+06;91.6162;18.1222
3.06567e+06;90.679;17.7661
4.12608e+06;89.3411;18.2901
4.07388e+06;88.8555;17.8381
4.07992e+06;89.0462;17.8719
0;91.8415;18.2828
0;90.6055;18.1015
4.05469e+06;89.3361;17.7317
3.90065e+06;90.4486;17.8848
3.94745e+06;88.3529;18.1386
0;90.9126;17.9378
0;90.9183;17.9315
-685868;89.1233;18.2942
0;88.6634;18.2678
-764317;90.005;17.8857
0;88.3778;18.0737
-720594;88.2458;18.1704
3.81001e+06;89.9785;18.1187
3.05573e+06;91.3998;17.7189
0;89.3546;18.0691
0;88.8665;18.1367
-805028;88.4902;17.8266
0;89.7761;18.1336
2.45519e+06;91.0237;17.7102
3.85891e+06;90.1804;17.6654
-850473;91.0735;17.8386
1.62614e+06;89.7564;17.8745
-765713;89.8836;17.8798
0;88.4231;17.9218
-786840;90.7377;17.8568
-2.48897e+06;89.5348;17.9992
-728660;90.1434;18.136
-2.3688e+06;89.4668;18.1141
0;90.1631;17.9256
0;91.7716;17.8738
-837252;89.4149;17.642
0;91.2841;17.6187
0;89.0065;17.9721
-658641;90.4405;18.4159
0;91.6022;17.9808
-735476;89.7264;18.0795
3.23968e+06;90.5108;17.9727
4.0183e+06;89.1525;17.5077
3.97309e+06;90.2466;18.2799
-796682;89.7475;17.832
-1.15916e+06;90.8402;17.8858
0;90.1572;17.8303
0;89.9145;18.082
