sporuls;seuilHR;seuilTmoy
1.63731e+06;88.1613;17.9847
807251;89.5403;17.7048
840415;89.6024;17.9303
709060;90.0571;18.0025
1.59374e+06;93.2391;17.9088
585198;90.9387;17.7997
734891;88.6931;18.0457
716357;88.466;18.0147
533654;90.2249;17.7154
565937;91.0155;17.7684
668586;88.4474;17.9355
88803.1;89.1206;17.815
889277;90.3992;18.2738
704686;90.1701;17.9952
814486;90.5701;18.1801
846448;89.6668;18.2335
794032;90.2824;18.145
623183;89.7222;17.8608
738311;90.1496;18.0513
868351;89.9611;18.2705
724295;89.1297;18.028
639353;89.3638;17.8874
632825;91.1077;17.8775
818450;89.1626;18.1858
525444;90.7982;17.703
119603;90.5203;17.9084
850144;88.7554;17.998
867046;88.9922;18.1161
859220;90.6558;18.0652
870230;89.3698;18.1386
844252;90.2444;17.9567
890095;89.3761;18.2796
883757;91.7194;18.2389
868237;91.6528;18.1286
865004;90.1225;18.1014
838614;89.5051;17.9179
860743;89.6208;18.0715
862818;89.994;18.086
854531;89.8848;18.0281
858322;88.8625;18.0549
875036;89.7155;18.1722
815542;90.1394;17.7606
868832;89.7881;18.1283
866786;89.9545;18.1139
846834;89.773;17.9746
862913;89.3544;18.0871
859779;90.4295;18.0647
831041;87.9884;17.8664
848924;89.5224;17.9891
850901;90.0362;18.0028
796394;89.5424;17.6321
810587;91.6255;17.7308
867341;91.6162;18.1222
815789;90.679;17.7661
891513;89.3411;18.2901
826890;88.8555;17.8381
831838;89.0462;17.8719
889878;91.8415;18.2828
864379;90.6055;18.1015
811183;89.3361;17.7317
833793;90.4486;17.8848
870237;88.3529;18.1386
840916;90.9126;17.9378
840006;90.9183;17.9315
1.80072e+06;89.1233;18.2942
888405;88.6634;18.2678
1.60912e+06;90.005;17.8857
861011;88.3778;18.0737
1.74327e+06;88.2458;18.1704
867468;89.9785;18.1187
808823;91.3998;17.7189
860349;89.3546;18.0691
869964;88.8665;18.1367
1.61436e+06;88.4902;17.8266
869581;89.7761;18.1336
807534;91.0237;17.7102
801374;90.1804;17.6654
1.56698e+06;91.0735;17.8386
832286;89.7564;17.8745
1.60648e+06;89.8836;17.8798
839116;88.4231;17.9218
1.6099e+06;90.7377;17.8568
712444;89.5348;17.9992
1.72837e+06;90.1434;18.136
817770;89.4668;18.1141
839730;90.1631;17.9256
831622;91.7716;17.8738
1.5136e+06;89.4149;17.642
793868;91.2841;17.6187
846410;89.0065;17.9721
1.85217e+06;90.4405;18.4159
847141;91.6022;17.9808
1.70833e+06;89.7264;18.0795
845948;90.5108;17.9727
777435;89.1525;17.5077
890125;90.2466;18.2799
1.59654e+06;89.7475;17.832
1.98815e+06;90.8402;17.8858
825818;90.1572;17.8303
862247;89.9145;18.082
