sporuls;seuilHR;seuilTmoy
6.08515e+06;88.1613;17.9847
5.9784e+06;89.5403;17.7048
6.06377e+06;89.6024;17.9303
6.09206e+06;90.0571;18.0025
6.05528e+06;93.2391;17.9088
6.01126e+06;90.9387;17.7997
6.10873e+06;88.6931;18.0457
6.09681e+06;88.466;18.0147
5.98288e+06;90.2249;17.7154
6.00035e+06;91.0155;17.7684
6.06584e+06;88.4474;17.9355
6.01752e+06;89.1206;17.815
6.19476e+06;90.3992;18.2738
6.08923e+06;90.1701;17.9952
6.16028e+06;90.5701;18.1801
6.18005e+06;89.6668;18.2335
6.14711e+06;90.2824;18.145
6.03605e+06;89.7222;17.8608
6.1109e+06;90.1496;18.0513
6.19359e+06;89.9611;18.2705
6.10192e+06;89.1297;18.028
6.04673e+06;89.3638;17.8874
6.04278e+06;91.1077;17.8775
6.1624e+06;89.1626;18.1858
5.97768e+06;90.7982;17.703
6.05511e+06;90.5203;17.9084
6.0903e+06;88.7554;17.998
6.13624e+06;88.9922;18.1161
6.11621e+06;90.6558;18.0652
6.14468e+06;89.3698;18.1386
6.0742e+06;90.2444;17.9567
6.19973e+06;89.3761;18.2796
6.18203e+06;91.7194;18.2389
6.14093e+06;91.6528;18.1286
6.13067e+06;90.1225;18.1014
6.05887e+06;89.5051;17.9179
6.1186e+06;89.6208;18.0715
6.12485e+06;89.994;18.086
6.10195e+06;89.8848;18.0281
6.11228e+06;88.8625;18.0549
6.15735e+06;89.7155;18.1722
5.99712e+06;90.1394;17.7606
6.14085e+06;89.7881;18.1283
6.13541e+06;89.9545;18.1139
6.08119e+06;89.773;17.9746
6.12524e+06;89.3544;18.0871
6.11603e+06;90.4295;18.0647
6.03832e+06;87.9884;17.8664
6.08685e+06;89.5224;17.9891
6.09218e+06;90.0362;18.0028
5.94738e+06;89.5424;17.6321
5.98471e+06;91.6255;17.7308
6.13855e+06;91.6162;18.1222
5.9994e+06;90.679;17.7661
6.20353e+06;89.3411;18.2901
6.02689e+06;88.8555;17.8381
6.04051e+06;89.0462;17.8719
6.20089e+06;91.8415;18.2828
6.1307e+06;90.6055;18.1015
5.9851e+06;89.3361;17.7317
6.0457e+06;90.4486;17.8848
6.1447e+06;88.3529;18.1386
6.06672e+06;90.9126;17.9378
6.06424e+06;90.9183;17.9315
6.20501e+06;89.1233;18.2942
6.1926e+06;88.6634;18.2678
6.04604e+06;90.005;17.8857
6.11946e+06;88.3778;18.0737
6.15669e+06;88.2458;18.1704
6.13722e+06;89.9785;18.1187
5.98436e+06;91.3998;17.7189
6.11769e+06;89.3546;18.0691
6.14398e+06;88.8665;18.1367
6.02224e+06;88.4902;17.8266
6.14283e+06;89.7761;18.1336
5.98071e+06;91.0237;17.7102
5.96166e+06;90.1804;17.6654
6.0271e+06;91.0735;17.8386
6.04156e+06;89.7564;17.8745
6.04368e+06;89.8836;17.8798
6.06041e+06;88.4231;17.9218
6.03447e+06;90.7377;17.8568
6.09077e+06;89.5348;17.9992
6.14373e+06;90.1434;18.136
6.13548e+06;89.4668;18.1141
6.06191e+06;90.1631;17.9256
6.0413e+06;91.7716;17.8738
5.95162e+06;89.4149;17.642
5.94785e+06;91.2841;17.6187
6.08021e+06;89.0065;17.9721
6.25001e+06;90.4405;18.4159
6.08363e+06;91.6022;17.9808
6.12235e+06;89.7264;18.0795
6.08045e+06;90.5108;17.9727
5.90692e+06;89.1525;17.5077
6.1998e+06;90.2466;18.2799
6.0244e+06;89.7475;17.832
6.04611e+06;90.8402;17.8858
6.02374e+06;90.1572;17.8303
6.12333e+06;89.9145;18.082
