sporuls;seuilHR;seuilTmoy
5.42978e+06;88.1613;17.9847
5.3336e+06;89.5403;17.7048
5.41156e+06;89.6024;17.9303
5.43567e+06;90.0571;18.0025
2.78588e+06;93.2391;17.9088
3.01469e+06;90.9387;17.7997
5.44988e+06;88.6931;18.0457
5.43971e+06;88.466;18.0147
2.99713e+06;90.2249;17.7154
3.00821e+06;91.0155;17.7684
5.41332e+06;88.4474;17.9355
4.6375e+06;89.1206;17.815
3.10686e+06;90.3992;18.2738
3.05408e+06;90.1701;17.9952
3.0896e+06;90.5701;18.1801
5.51022e+06;89.6668;18.2335
3.08292e+06;90.2824;18.145
5.38794e+06;89.7222;17.8608
3.06501e+06;90.1496;18.0513
5.52166e+06;89.9611;18.2705
5.44407e+06;89.1297;18.028
5.39703e+06;89.3638;17.8874
3.0306e+06;91.1077;17.8775
5.49513e+06;89.1626;18.1858
2.99454e+06;90.7982;17.703
2.3198e+06;90.5203;17.9084
5.43416e+06;88.7554;17.998
5.47274e+06;88.9922;18.1161
3.0677e+06;90.6558;18.0652
5.47994e+06;89.3698;18.1386
3.04649e+06;90.2444;17.9567
5.52445e+06;89.3761;18.2796
3.03831e+06;91.7194;18.2389
3.01798e+06;91.6528;18.1286
3.07464e+06;90.1225;18.1014
5.40738e+06;89.5051;17.9179
5.4583e+06;89.6208;18.0715
5.46303e+06;89.994;18.086
5.4441e+06;89.8848;18.0281
5.4529e+06;88.8625;18.0549
5.49084e+06;89.7155;18.1722
3.00659e+06;90.1394;17.7606
5.47667e+06;89.7881;18.1283
5.47204e+06;89.9545;18.1139
5.42641e+06;89.773;17.9746
5.46336e+06;89.3544;18.0871
3.0676e+06;90.4295;18.0647
5.38987e+06;87.9884;17.8664
5.43123e+06;89.5224;17.9891
5.43577e+06;90.0362;18.0028
5.30773e+06;89.5424;17.6321
2.93994e+06;91.6255;17.7308
3.0168e+06;91.6162;18.1222
3.00774e+06;90.679;17.7661
5.52766e+06;89.3411;18.2901
5.38015e+06;88.8555;17.8381
5.39173e+06;89.0462;17.8719
3.04058e+06;91.8415;18.2828
3.07465e+06;90.6055;18.1015
5.34311e+06;89.3361;17.7317
3.03207e+06;90.4486;17.8848
5.47995e+06;88.3529;18.1386
3.04271e+06;90.9126;17.9378
3.04146e+06;90.9183;17.9315
5.52891e+06;89.1233;18.2942
5.52082e+06;88.6634;18.2678
5.39644e+06;90.005;17.8857
5.45903e+06;88.3778;18.0737
5.49028e+06;88.2458;18.1704
5.47358e+06;89.9785;18.1187
2.93749e+06;91.3998;17.7189
5.45752e+06;89.3546;18.0691
5.47934e+06;88.8665;18.1367
5.37621e+06;88.4902;17.8266
5.47836e+06;89.7761;18.1336
2.99605e+06;91.0237;17.7102
2.98658e+06;90.1804;17.6654
3.02268e+06;91.0735;17.8386
5.39263e+06;89.7564;17.8745
5.39443e+06;89.8836;17.8798
5.40869e+06;88.4231;17.9218
3.0264e+06;90.7377;17.8568
5.43456e+06;89.5348;17.9992
3.08122e+06;90.1434;18.136
5.47209e+06;89.4668;18.1141
3.04027e+06;90.1631;17.9256
2.96891e+06;91.7716;17.8738
5.31126e+06;89.4149;17.642
2.91662e+06;91.2841;17.6187
5.42557e+06;89.0065;17.9721
3.13239e+06;90.4405;18.4159
2.98993e+06;91.6022;17.9808
5.46089e+06;89.7264;18.0795
3.04965e+06;90.5108;17.9727
5.26253e+06;89.1525;17.5077
3.10796e+06;90.2466;18.2799
5.37804e+06;89.7475;17.832
3.03228e+06;90.8402;17.8858
3.02098e+06;90.1572;17.8303
5.46173e+06;89.9145;18.082
