sporuls;seuilHR;seuilTmoy
5.46603e+06;88.1613;17.9847
5.41273e+06;89.5403;17.7048
5.45605e+06;89.6024;17.9303
5.46925e+06;90.0571;18.0025
2.85897e+06;93.2391;17.9088
3.10862e+06;90.9387;17.7997
5.47698e+06;88.6931;18.0457
5.47145e+06;88.466;18.0147
3.09821e+06;90.2249;17.7154
3.10479e+06;91.0155;17.7684
5.45702e+06;88.4474;17.9355
4.69958e+06;89.1206;17.815
3.1621e+06;90.3992;18.2738
3.13171e+06;90.1701;17.9952
3.15224e+06;90.5701;18.1801
5.50962e+06;89.6668;18.2335
3.14837e+06;90.2824;18.145
5.44301e+06;89.7222;17.8608
3.13805e+06;90.1496;18.0513
5.51568e+06;89.9611;18.2705
5.47382e+06;89.1297;18.028
5.44804e+06;89.3638;17.8874
3.11799e+06;91.1077;17.8775
5.50148e+06;89.1626;18.1858
3.09667e+06;90.7982;17.703
2.40462e+06;90.5203;17.9084
5.46843e+06;88.7554;17.998
5.48935e+06;88.9922;18.1161
3.1396e+06;90.6558;18.0652
5.49323e+06;89.3698;18.1386
3.1273e+06;90.2444;17.9567
5.51716e+06;89.3761;18.2796
3.09783e+06;91.7194;18.2389
3.08609e+06;91.6528;18.1286
3.14361e+06;90.1225;18.1014
5.45374e+06;89.5051;17.9179
5.48155e+06;89.6208;18.0715
5.48411e+06;89.994;18.086
5.47384e+06;89.8848;18.0281
5.47862e+06;88.8625;18.0549
5.49918e+06;89.7155;18.1722
3.10382e+06;90.1394;17.7606
5.49147e+06;89.7881;18.1283
5.48897e+06;89.9545;18.1139
5.46419e+06;89.773;17.9746
5.48429e+06;89.3544;18.0871
3.13955e+06;90.4295;18.0647
5.44408e+06;87.9884;17.8664
5.46682e+06;89.5224;17.9891
5.4693e+06;90.0362;18.0028
5.3982e+06;89.5424;17.6321
3.04034e+06;91.6255;17.7308
3.08541e+06;91.6162;18.1222
3.1045e+06;90.679;17.7661
5.51886e+06;89.3411;18.2901
5.4387e+06;88.8555;17.8381
5.44511e+06;89.0462;17.8719
3.09686e+06;91.8415;18.2828
3.14362e+06;90.6055;18.1015
5.41806e+06;89.3361;17.7317
3.11886e+06;90.4486;17.8848
5.49324e+06;88.3529;18.1386
3.12509e+06;90.9126;17.9378
3.12436e+06;90.9183;17.9315
5.51952e+06;89.1233;18.2942
5.51524e+06;88.6634;18.2678
5.44771e+06;90.005;17.8857
5.48194e+06;88.3778;18.0737
5.49888e+06;88.2458;18.1704
5.48981e+06;89.9785;18.1187
3.03889e+06;91.3998;17.7189
5.48113e+06;89.3546;18.0691
5.49291e+06;88.8665;18.1367
5.43651e+06;88.4902;17.8266
5.49238e+06;89.7761;18.1336
3.09757e+06;91.0237;17.7102
3.09193e+06;90.1804;17.6654
3.11333e+06;91.0735;17.8386
5.44561e+06;89.7564;17.8745
5.4466e+06;89.8836;17.8798
5.45447e+06;88.4231;17.9218
3.11552e+06;90.7377;17.8568
5.46864e+06;89.5348;17.9992
3.14739e+06;90.1434;18.136
5.489e+06;89.4668;18.1141
3.12367e+06;90.1631;17.9256
3.0575e+06;91.7716;17.8738
5.40018e+06;89.4149;17.642
3.02642e+06;91.2841;17.6187
5.46373e+06;89.0065;17.9721
3.17665e+06;90.4405;18.4159
3.06983e+06;91.6022;17.9808
5.48295e+06;89.7264;18.0795
3.12914e+06;90.5108;17.9727
5.37264e+06;89.1525;17.5077
3.16272e+06;90.2466;18.2799
5.43752e+06;89.7475;17.832
3.11898e+06;90.8402;17.8858
3.11233e+06;90.1572;17.8303
5.4834e+06;89.9145;18.082
