sporuls;seuilHR;seuilTmoy
2.65685e+06;88.1613;17.9847
2.60473e+06;89.5403;17.7048
2.64443e+06;89.6024;17.9303
2.65687e+06;90.0571;18.0025
2.64071e+06;93.2391;17.9088
2.6216e+06;90.9387;17.7997
2.66727e+06;88.6931;18.0457
2.66199e+06;88.466;18.0147
2.60662e+06;90.2249;17.7154
2.61606e+06;91.0155;17.7684
2.64835e+06;88.4474;17.9355
1.8926e+06;89.1206;17.815
2.70231e+06;90.3992;18.2738
2.65562e+06;90.1701;17.9952
2.68683e+06;90.5701;18.1801
2.69569e+06;89.6668;18.2335
2.68098e+06;90.2824;18.145
2.63233e+06;89.7222;17.8608
2.66519e+06;90.1496;18.0513
2.70178e+06;89.9611;18.2705
2.66425e+06;89.1297;18.028
2.63999e+06;89.3638;17.8874
2.63525e+06;91.1077;17.8775
2.69084e+06;89.1626;18.1858
2.60442e+06;90.7982;17.703
1.9236e+06;90.5203;17.9084
2.65912e+06;88.7554;17.998
2.67918e+06;88.9922;18.1161
2.66754e+06;90.6558;18.0652
2.68295e+06;89.3698;18.1386
2.649e+06;90.2444;17.9567
2.70327e+06;89.3761;18.2796
2.69658e+06;91.7194;18.2389
2.67822e+06;91.6528;18.1286
2.67365e+06;90.1225;18.1014
2.64228e+06;89.5051;17.9179
2.6686e+06;89.6208;18.0715
2.67106e+06;89.994;18.086
2.66123e+06;89.8848;18.0281
2.66884e+06;88.8625;18.0549
2.68552e+06;89.7155;18.1722
2.61468e+06;90.1394;17.7606
2.67818e+06;89.7881;18.1283
2.67576e+06;89.9545;18.1139
2.65208e+06;89.773;17.9746
2.67428e+06;89.3544;18.0871
2.66746e+06;90.4295;18.0647
2.63632e+06;87.9884;17.8664
2.65457e+06;89.5224;17.9891
2.65692e+06;90.0362;18.0028
2.59166e+06;89.5424;17.6321
2.60937e+06;91.6255;17.7308
2.67716e+06;91.6162;18.1222
2.61566e+06;90.679;17.7661
2.70807e+06;89.3411;18.2901
2.63136e+06;88.8555;17.8381
2.63728e+06;89.0462;17.8719
2.7038e+06;91.8415;18.2828
2.67367e+06;90.6055;18.1015
2.61252e+06;89.3361;17.7317
2.63653e+06;90.4486;17.8848
2.68296e+06;88.3529;18.1386
2.64572e+06;90.9126;17.9378
2.64464e+06;90.9183;17.9315
2.70874e+06;89.1233;18.2942
2.70441e+06;88.6634;18.2678
2.63668e+06;90.005;17.8857
2.67203e+06;88.3778;18.0737
2.68828e+06;88.2458;18.1704
2.67657e+06;89.9785;18.1187
2.60725e+06;91.3998;17.7189
2.67124e+06;89.3546;18.0691
2.68264e+06;88.8665;18.1367
2.62934e+06;88.4902;17.8266
2.67907e+06;89.7761;18.1336
2.6057e+06;91.0237;17.7102
2.59766e+06;90.1804;17.6654
2.62845e+06;91.0735;17.8386
2.63473e+06;89.7564;17.8745
2.63565e+06;89.8836;17.8798
2.64597e+06;88.4231;17.9218
2.63164e+06;90.7377;17.8568
2.6563e+06;89.5348;17.9992
2.67947e+06;90.1434;18.136
2.67579e+06;89.4668;18.1141
2.64361e+06;90.1631;17.9256
2.63461e+06;91.7716;17.8738
2.59344e+06;89.4149;17.642
2.58923e+06;91.2841;17.6187
2.65467e+06;89.0065;17.9721
2.72639e+06;90.4405;18.4159
2.65315e+06;91.6022;17.9808
2.66995e+06;89.7264;18.0795
2.65175e+06;90.5108;17.9727
2.57182e+06;89.1525;17.5077
2.70331e+06;90.2466;18.2799
2.62728e+06;89.7475;17.832
2.63671e+06;90.8402;17.8858
2.62699e+06;90.1572;17.8303
2.67039e+06;89.9145;18.082
