sporuls;seuilHR;seuilTmoy
-585089;88.1613;17.9847
877025;89.5403;17.7048
915883;89.6024;17.9303
-776798;90.0571;18.0025
-636434;93.2391;17.9088
-814358;90.9387;17.7997
-768898;88.6931;18.0457
-774554;88.466;18.0147
-830183;90.2249;17.7154
-820214;91.0155;17.7684
-789123;88.4474;17.9355
-734699;89.1206;17.815
973644;90.3992;18.2738
-778133;90.1701;17.9952
-744365;90.5701;18.1801
-734758;89.6668;18.2335
-750859;90.2824;18.145
-802971;89.7222;17.8608
-767871;90.1496;18.0513
-728036;89.9611;18.2705
-772132;89.1297;18.028
-798029;89.3638;17.8874
-799863;91.1077;17.8775
-743335;89.1626;18.1858
-832506;90.7982;17.703
-717034;90.5203;17.9084
927368;88.7554;17.998
947206;88.9922;18.1161
938694;90.6558;18.0652
950945;89.3698;18.1386
920385;90.2444;17.9567
974607;89.3761;18.2796
967779;91.7194;18.2389
949283;91.6528;18.1286
944748;90.1225;18.1014
913770;89.5051;17.9179
939743;89.6208;18.0715
942180;89.994;18.086
932451;89.8848;18.0281
936964;88.8625;18.0549
956538;89.7155;18.1722
886730;90.1394;17.7606
949245;89.7881;18.1283
900036;89.9545;18.1139
923415;89.773;17.9746
-1.48357e+06;89.3544;18.0871
0;90.4295;18.0647
904967;87.9884;17.8664
0;89.5224;17.9891
928188;90.0362;18.0028
864335;89.5424;17.6321
881554;91.6255;17.7308
948228;91.6162;18.1222
-893847;90.679;17.7661
986695;89.3411;18.2901
900104;88.8555;17.8381
905902;89.0462;17.8719
0;91.8415;18.2828
0;90.6055;18.1015
881714;89.3361;17.7317
875382;90.4486;17.8848
920645;88.3529;18.1386
0;90.9126;17.9378
0;90.9183;17.9315
-527006;89.1233;18.2942
0;88.6634;18.2678
-602822;90.005;17.8857
0;88.3778;18.0737
-559827;88.2458;18.1704
900908;89.9785;18.1187
-903413;91.3998;17.7189
0;89.3546;18.0691
0;88.8665;18.1367
-612079;88.4902;17.8266
0;89.7761;18.1336
-2.07984e+06;91.0237;17.7102
835297;90.1804;17.6654
-611848;91.0735;17.8386
-3.14825e+06;89.7564;17.8745
-603918;89.8836;17.8798
0;88.4231;17.9218
-606057;90.7377;17.8568
-776162;89.5348;17.9992
-566100;90.1434;18.136
-731394;89.4668;18.1141
0;90.1631;17.9256
0;91.7716;17.8738
-645993;89.4149;17.642
0;91.2841;17.6187
0;89.0065;17.9721
-505675;90.4405;18.4159
0;91.6022;17.9808
-565530;89.7264;18.0795
-1.50939e+06;90.5108;17.9727
-536053;89.1525;17.5077
945668;90.2466;18.2799
-610808;89.7475;17.832
-456008;90.8402;17.8858
0;90.1572;17.8303
0;89.9145;18.082
