sporuls;seuilHR;seuilTmoy
4.83028e+06;88.1613;17.9847
4.75029e+06;89.5403;17.7048
4.8134e+06;89.6024;17.9303
4.83572e+06;90.0571;18.0025
4.80668e+06;93.2391;17.9088
4.77169e+06;90.9387;17.7997
4.84882e+06;88.6931;18.0457
4.83946e+06;88.466;18.0147
4.7539e+06;90.2249;17.7154
4.76709e+06;91.0155;17.7684
4.81503e+06;88.4474;17.9355
4.7767e+06;89.1206;17.815
4.91731e+06;90.3992;18.2738
4.8335e+06;90.1701;17.9952
4.89044e+06;90.5701;18.1801
4.90585e+06;89.6668;18.2335
4.88026e+06;90.2824;18.145
4.79144e+06;89.7222;17.8608
4.85052e+06;90.1496;18.0513
4.9164e+06;89.9611;18.2705
4.84348e+06;89.1297;18.028
4.79991e+06;89.3638;17.8874
4.79677e+06;91.1077;17.8775
4.89209e+06;89.1626;18.1858
4.74971e+06;90.7982;17.703
4.80654e+06;90.5203;17.9084
4.83434e+06;88.7554;17.998
4.87176e+06;88.9922;18.1161
4.85469e+06;90.6558;18.0652
4.87836e+06;89.3698;18.1386
4.82164e+06;90.2444;17.9567
4.92625e+06;89.3761;18.2796
4.90739e+06;91.7194;18.2389
4.87543e+06;91.6528;18.1286
4.8674e+06;90.1225;18.1014
4.80952e+06;89.5051;17.9179
4.85656e+06;89.6208;18.0715
4.86285e+06;89.994;18.086
4.84351e+06;89.8848;18.0281
4.8516e+06;88.8625;18.0549
4.88816e+06;89.7155;18.1722
4.7645e+06;90.1394;17.7606
4.87536e+06;89.7881;18.1283
4.87111e+06;89.9545;18.1139
4.82716e+06;89.773;17.9746
4.86316e+06;89.3544;18.0871
4.85454e+06;90.4295;18.0647
4.79324e+06;87.9884;17.8664
4.83162e+06;89.5224;17.9891
4.83582e+06;90.0362;18.0028
4.72525e+06;89.5424;17.6321
4.75451e+06;91.6255;17.7308
4.87357e+06;91.6162;18.1222
4.76633e+06;90.679;17.7661
4.92922e+06;89.3411;18.2901
4.78416e+06;88.8555;17.8381
4.79498e+06;89.0462;17.8719
4.92716e+06;91.8415;18.2828
4.86743e+06;90.6055;18.1015
4.75482e+06;89.3361;17.7317
4.79909e+06;90.4486;17.8848
4.87838e+06;88.3529;18.1386
4.81573e+06;90.9126;17.9378
4.81377e+06;90.9183;17.9315
4.93038e+06;89.1233;18.2942
4.91562e+06;88.6634;18.2678
4.79936e+06;90.005;17.8857
4.85723e+06;88.3778;18.0737
4.88764e+06;88.2458;18.1704
4.87253e+06;89.9785;18.1187
4.75509e+06;91.3998;17.7189
4.85584e+06;89.3546;18.0691
4.87781e+06;88.8665;18.1367
4.78047e+06;88.4902;17.8266
4.87692e+06;89.7761;18.1336
4.75215e+06;91.0237;17.7102
4.73679e+06;90.1804;17.6654
4.78433e+06;91.0735;17.8386
4.79581e+06;89.7564;17.8745
4.79749e+06;89.8836;17.8798
4.81074e+06;88.4231;17.9218
4.79019e+06;90.7377;17.8568
4.83471e+06;89.5348;17.9992
4.87762e+06;90.1434;18.136
4.87117e+06;89.4668;18.1141
4.81192e+06;90.1631;17.9256
4.7956e+06;91.7716;17.8738
4.72868e+06;89.4149;17.642
4.72677e+06;91.2841;17.6187
4.82638e+06;89.0065;17.9721
4.96526e+06;90.4405;18.4159
4.82908e+06;91.6022;17.9808
4.86089e+06;89.7264;18.0795
4.82657e+06;90.5108;17.9727
4.69502e+06;89.1525;17.5077
4.92632e+06;90.2466;18.2799
4.78219e+06;89.7475;17.832
4.79942e+06;90.8402;17.8858
4.78165e+06;90.1572;17.8303
4.86166e+06;89.9145;18.082
