sporuls;seuilHR;seuilTmoy
-140.537;88.1613;17.9847
-185.701;89.5403;17.7048
-149.197;89.6024;17.9303
-137.726;90.0571;18.0025
-152.622;93.2391;17.9088
-170.21;90.9387;17.7997
-130.917;88.6931;18.0457
-135.791;88.466;18.0147
-183.96;90.2249;17.7154
-175.294;91.0155;17.7684
-148.362;88.4474;17.9355
-167.723;89.1206;17.815
-95.4947;90.3992;18.2738
-138.877;90.1701;17.9952
-109.833;90.5701;18.1801
-101.631;89.6668;18.2335
-115.416;90.2824;18.145
-160.339;89.7222;17.8608
-130.032;90.1496;18.0513
-95.9823;89.9611;18.2705
-133.705;89.1297;18.028
-156.061;89.3638;17.8874
-157.648;91.1077;17.8775
-108.953;89.1626;18.1858
-185.982;90.7982;17.703
-152.692;90.5203;17.9084
-138.444;88.7554;17.998
-119.905;88.9922;18.1161
-127.852;90.6558;18.0652
-116.42;89.3698;18.1386
-144.98;90.2444;17.9567
-94.6049;89.3761;18.2796
-100.81;91.7194;18.2389
-117.969;91.6528;18.1286
-122.198;90.1225;18.1014
-151.176;89.5051;17.9179
-126.871;89.6208;18.0715
-124.595;89.994;18.086
-133.691;89.8848;18.0281
-129.468;88.8625;18.0549
-111.214;89.7155;18.1722
-176.565;90.1394;17.7606
-118.004;89.7881;18.1283
-120.246;89.9545;18.1139
-142.144;89.773;17.9746
-124.434;89.3544;18.0871
-127.929;90.4295;18.0647
-159.431;87.9884;17.8664
-139.848;89.5224;17.9891
-137.677;90.0362;18.0028
-197.665;89.5424;17.6321
-181.435;91.6255;17.7308
-118.952;91.6162;18.1222
-175.667;90.679;17.7661
-93.0202;89.3411;18.2901
-163.995;88.8555;17.8381
-158.554;89.0462;17.8719
-94.1203;91.8415;18.2828
-122.185;90.6055;18.1015
-181.285;89.3361;17.7317
-156.477;90.4486;17.8848
-116.412;88.3529;18.1386
-148.005;90.9126;17.9378
-149.006;90.9183;17.9315
-92.4001;89.1233;18.2942
-96.3975;88.6634;18.2678
-156.338;90.005;17.8857
-126.519;88.3778;18.0737
-111.487;88.2458;18.1704
-119.498;89.9785;18.1187
-183.382;91.3998;17.7189
-127.246;89.3546;18.0691
-116.71;88.8665;18.1367
-165.845;88.4902;17.8266
-117.184;89.7761;18.1336
-184.805;91.0237;17.7102
-192.176;90.1804;17.6654
-163.911;91.0735;17.8386
-158.134;89.7564;17.8745
-157.285;89.8836;17.8798
-150.555;88.4231;17.9218
-160.972;90.7377;17.8568
-138.252;89.5348;17.9992
-116.814;90.1434;18.136
-120.218;89.4668;18.1141
-149.95;90.1631;17.9256
-158.24;91.7716;17.8738
-196.037;89.4149;17.642
-199.89;91.2841;17.6187
-142.543;89.0065;17.9721
-74.1485;90.4405;18.4159
-141.155;91.6022;17.9808
-125.624;89.7264;18.0795
-142.446;90.5108;17.9727
-218.404;89.1525;17.5077
-94.572;90.2466;18.2799
-164.985;89.7475;17.832
-156.311;90.8402;17.8858
-165.251;90.1572;17.8303
-125.222;89.9145;18.082
