sporuls;seuilHR;seuilTmoy
5.93576e+06;88.1613;17.9847
5.85376e+06;89.5403;17.7048
5.91554e+06;89.6024;17.9303
5.9348e+06;90.0571;18.0025
5.90975e+06;93.2391;17.9088
5.87976e+06;90.9387;17.7997
5.95208e+06;88.6931;18.0457
5.94384e+06;88.466;18.0147
5.85681e+06;90.2249;17.7154
5.87101e+06;91.0155;17.7684
5.92234e+06;88.4474;17.9355
5.88402e+06;89.1206;17.815
6.00357e+06;90.3992;18.2738
5.93288e+06;90.1701;17.9952
5.98053e+06;90.5701;18.1801
5.99377e+06;89.6668;18.2335
5.97158e+06;90.2824;18.145
5.89664e+06;89.7222;17.8608
5.94759e+06;90.1496;18.0513
6.00279e+06;89.9611;18.2705
5.94149e+06;89.1297;18.028
5.90392e+06;89.3638;17.8874
5.90122e+06;91.1077;17.8775
5.98195e+06;89.1626;18.1858
5.85327e+06;90.7982;17.703
5.90963e+06;90.5203;17.9084
5.93933e+06;88.7554;17.998
5.97061e+06;88.9922;18.1161
5.95119e+06;90.6558;18.0652
5.96994e+06;89.3698;18.1386
5.92265e+06;90.2444;17.9567
6.00536e+06;89.3761;18.2796
5.99509e+06;91.7194;18.2389
5.96742e+06;91.6528;18.1286
5.96051e+06;90.1225;18.1014
5.9122e+06;89.5051;17.9179
5.9528e+06;89.6208;18.0715
5.95659e+06;89.994;18.086
5.94151e+06;89.8848;18.0281
5.95455e+06;88.8625;18.0549
5.97856e+06;89.7155;18.1722
5.86882e+06;90.1394;17.7606
5.96736e+06;89.7881;18.1283
5.9637e+06;89.9545;18.1139
5.92741e+06;89.773;17.9746
5.95685e+06;89.3544;18.0871
5.95106e+06;90.4295;18.0647
5.9032e+06;87.9884;17.8664
5.93125e+06;89.5224;17.9891
5.93488e+06;90.0362;18.0028
5.83253e+06;89.5424;17.6321
5.86038e+06;91.6255;17.7308
5.96582e+06;91.6162;18.1222
5.87037e+06;90.679;17.7661
6.00788e+06;89.3411;18.2901
5.89525e+06;88.8555;17.8381
5.90472e+06;89.0462;17.8719
6.00613e+06;91.8415;18.2828
5.96053e+06;90.6055;18.1015
5.86065e+06;89.3361;17.7317
5.90321e+06;90.4486;17.8848
5.97642e+06;88.3529;18.1386
5.91755e+06;90.9126;17.9378
5.91586e+06;90.9183;17.9315
6.00887e+06;89.1233;18.2942
6.00925e+06;88.6634;18.2678
5.90345e+06;90.005;17.8857
5.9595e+06;88.3778;18.0737
5.98474e+06;88.2458;18.1704
5.96492e+06;89.9785;18.1187
5.85782e+06;91.3998;17.7189
5.95218e+06;89.3546;18.0691
5.97592e+06;88.8665;18.1367
5.89203e+06;88.4902;17.8266
5.9687e+06;89.7761;18.1336
5.85533e+06;91.0237;17.7102
5.84232e+06;90.1804;17.6654
5.89054e+06;91.0735;17.8386
5.90039e+06;89.7564;17.8745
5.90184e+06;89.8836;17.8798
5.91856e+06;88.4231;17.9218
5.89556e+06;90.7377;17.8568
5.93392e+06;89.5348;17.9992
5.9693e+06;90.1434;18.136
5.96375e+06;89.4668;18.1141
5.91427e+06;90.1631;17.9256
5.90021e+06;91.7716;17.8738
5.83544e+06;89.4149;17.642
5.82965e+06;91.2841;17.6187
5.93233e+06;89.0065;17.9721
6.03834e+06;90.4405;18.4159
5.92907e+06;91.6022;17.9808
5.9549e+06;89.7264;18.0795
5.9269e+06;90.5108;17.9727
5.79733e+06;89.1525;17.5077
6.00542e+06;90.2466;18.2799
5.88871e+06;89.7475;17.832
5.90349e+06;90.8402;17.8858
5.88825e+06;90.1572;17.8303
5.95556e+06;89.9145;18.082
