sporuls;seuilHR;seuilTmoy
1.42341e+06;88.1613;17.9847
1.41279e+06;89.5403;17.7048
1.42147e+06;89.6024;17.9303
1.42403e+06;90.0571;18.0025
1.42069e+06;93.2391;17.9088
1.41658e+06;90.9387;17.7997
1.4255e+06;88.6931;18.0457
1.42445e+06;88.466;18.0147
1.41323e+06;90.2249;17.7154
1.41537e+06;91.0155;17.7684
1.42166e+06;88.4474;17.9355
1.41717e+06;89.1206;17.815
1.43262e+06;90.3992;18.2738
1.42378e+06;90.1701;17.9952
1.42988e+06;90.5701;18.1801
1.43147e+06;89.6668;18.2335
1.42871e+06;90.2824;18.145
1.41891e+06;89.7222;17.8608
1.42571e+06;90.1496;18.0513
1.43253e+06;89.9611;18.2705
1.4249e+06;89.1297;18.028
1.4199e+06;89.3638;17.8874
1.41953e+06;91.1077;17.8775
1.43005e+06;89.1626;18.1858
1.41272e+06;90.7982;17.703
1.42067e+06;90.5203;17.9084
1.42387e+06;88.7554;17.998
1.42781e+06;88.9922;18.1161
1.42617e+06;90.6558;18.0652
1.42851e+06;89.3698;18.1386
1.42242e+06;90.2444;17.9567
1.4329e+06;89.3761;18.2796
1.43163e+06;91.7194;18.2389
1.4282e+06;91.6528;18.1286
1.42734e+06;90.1225;18.1014
1.42102e+06;89.5051;17.9179
1.42637e+06;89.6208;18.0715
1.42685e+06;89.994;18.086
1.42491e+06;89.8848;18.0281
1.42583e+06;88.8625;18.0549
1.42964e+06;89.7155;18.1722
1.41506e+06;90.1394;17.7606
1.42819e+06;89.7881;18.1283
1.42774e+06;89.9545;18.1139
1.42305e+06;89.773;17.9746
1.42689e+06;89.3544;18.0871
1.42615e+06;90.4295;18.0647
1.41912e+06;87.9884;17.8664
1.42356e+06;89.5224;17.9891
1.42404e+06;90.0362;18.0028
1.40969e+06;89.5424;17.6321
1.41386e+06;91.6255;17.7308
1.428e+06;91.6162;18.1222
1.41527e+06;90.679;17.7661
1.43319e+06;89.3411;18.2901
1.41805e+06;88.8555;17.8381
1.41932e+06;89.0462;17.8719
1.43299e+06;91.8415;18.2828
1.42735e+06;90.6055;18.1015
1.4139e+06;89.3361;17.7317
1.4198e+06;90.4486;17.8848
1.42851e+06;88.3529;18.1386
1.42174e+06;90.9126;17.9378
1.42151e+06;90.9183;17.9315
1.4333e+06;89.1233;18.2942
1.43246e+06;88.6634;18.2678
1.41983e+06;90.005;17.8857
1.42645e+06;88.3778;18.0737
1.42959e+06;88.2458;18.1704
1.42789e+06;89.9785;18.1187
1.41338e+06;91.3998;17.7189
1.42629e+06;89.3546;18.0691
1.42845e+06;88.8665;18.1367
1.41762e+06;88.4902;17.8266
1.42836e+06;89.7761;18.1336
1.41302e+06;91.0237;17.7102
1.41113e+06;90.1804;17.6654
1.41807e+06;91.0735;17.8386
1.41942e+06;89.7564;17.8745
1.41962e+06;89.8836;17.8798
1.42116e+06;88.4231;17.9218
1.41876e+06;90.7377;17.8568
1.42391e+06;89.5348;17.9992
1.42843e+06;90.1434;18.136
1.42774e+06;89.4668;18.1141
1.4213e+06;90.1631;17.9256
1.41939e+06;91.7716;17.8738
1.41012e+06;89.4149;17.642
1.4091e+06;91.2841;17.6187
1.42296e+06;89.0065;17.9721
1.4372e+06;90.4405;18.4159
1.42327e+06;91.6022;17.9808
1.42664e+06;89.7264;18.0795
1.42299e+06;90.5108;17.9727
1.40398e+06;89.1525;17.5077
1.43291e+06;90.2466;18.2799
1.41782e+06;89.7475;17.832
1.41984e+06;90.8402;17.8858
1.41776e+06;90.1572;17.8303
1.42673e+06;89.9145;18.082
